186
5 0.933815 0.106906 0.341409 -6.04366
-0.0799947 0.992541 -0.0919948 0.6921
-0.348697 0.0585952 0.935402 10.0749
6 0.98167 0.0202975 0.189507 -6.89229
0.0023039 0.992977 -0.118289 -0.294034
-0.190577 0.116557 0.974728 8.86977
9 0.980078 0.0555855 0.190675 -6.80173
-0.0398267 0.995541 -0.085509 0.260326
-0.194578 0.0762115 0.977922 8.66104
10 0.993272 0.0276714 0.112448 -6.91522
-0.0231243 0.998869 -0.0415423 0.412905
-0.113471 0.0386625 0.992789 7.93861
11 0.999753 0.00167142 0.022157 -7.04307
-0.000121862 0.997564 -0.069753 0.0247242
-0.0222196 0.0697331 0.997318 7.37999
12 0.985605 -0.0593982 -0.15829 -7.60948
0.0538377 0.99778 -0.0391919 -0.0838596
0.160266 0.0301057 0.986615 6.17617
13 0.98094 -0.0649621 -0.183131 -7.28273
0.0525453 0.996029 -0.0718635 -0.275388
0.187072 0.0608711 0.980458 6.12692
14 0.93149 -0.154928 -0.329125 -7.56785
0.137601 0.987609 -0.0754563 -0.755884
0.336737 0.024999 0.941267 4.98703
15 0.993649 0.0489053 0.10134 -4.65356
-0.0351402 0.990437 -0.133418 -0.228281
-0.106895 0.12901 0.985865 7.77728
16 0.984995 0.0461885 0.166286 -3.76203
-0.0166524 0.984462 -0.174809 -0.618432
-0.171777 0.169417 0.970459 8.06767
17 0.290743 0.93986 -0.179255 -2.36499
-0.604975 0.325723 0.726574 6.89605
0.741265 -0.102801 0.663294 0.207519
20 0.498438 -0.270941 -0.823499 -6.34551
0.291101 0.947062 -0.1354 -1.95055
0.81659 -0.172233 0.550923 -0.362203
21 0.44112 -0.263553 -0.857877 -6.17384
0.230193 0.957155 -0.175687 -1.84724
0.867424 -0.119978 0.482888 -0.622245
22 0.350121 -0.262636 -0.899132 -5.18703
0.183003 0.96057 -0.209321 -1.59713
0.918654 -0.0912561 0.384379 -0.362135
23 0.279934 -0.28887 -0.915528 -4.86516
0.14271 0.955581 -0.257872 -1.66205
0.949353 -0.0584676 0.308724 -0.870633
24 0.387024 -0.280135 -0.878486 -5.48738
0.155891 0.958897 -0.237097 -1.55428
0.908796 -0.0451859 0.414786 -0.839186
25 0.203711 -0.295877 -0.933252 -4.56503
0.211842 0.943978 -0.253037 -1.87914
0.955837 -0.146155 0.254978 -2.02322
26 0.595618 -0.214898 -0.773989 -5.91856
0.166974 0.975625 -0.142389 -1.33033
0.785722 -0.0444261 0.616982 -0.494677
27 0.839351 -0.104859 -0.53338 -6.48237
0.0943241 0.994428 -0.0470657 -0.63169
0.535344 -0.010806 0.844565 1.22328
28 0.423383 -0.268986 -0.865097 -5.20301
0.210918 0.957932 -0.194627 -1.70029
0.881057 -0.100063 0.462306 -1.27917
29 0.156834 -0.270948 -0.949732 -4.17562
0.215327 0.947879 -0.234862 -1.87281
0.963866 -0.167669 0.207002 -2.44697
30 0.162853 -0.295043 -0.941503 -3.48101
0.273072 0.930445 -0.244344 -2.07744
0.948109 -0.217306 0.232094 -2.21021
31 0.115529 -0.27957 -0.953149 -2.90904
0.209023 0.944931 -0.251824 -1.89385
0.971062 -0.170137 0.167604 -2.43105
32 0.117044 -0.297533 -0.94751 -2.4693
0.204338 0.940869 -0.270206 -1.92991
0.971878 -0.161986 0.170921 -2.42647
33 0.0860005 -0.301676 -0.949524 -1.93612
0.250419 0.929003 -0.272476 -2.06943
0.96431 -0.214345 0.15544 -2.47274
34 -0.302749 -0.244179 -0.92126 -0.327938
0.261587 0.908212 -0.326685 -2.24044
0.916469 -0.339893 -0.211086 -3.13729
35 -0.569694 -0.214493 -0.793374 1.65102
0.239042 0.880363 -0.409658 -2.29296
0.786326 -0.423029 -0.450265 -3.05133
36 -0.676477 -0.169445 -0.716706 2.5405
0.209981 0.8884 -0.408232 -2.13213
0.705895 -0.426654 -0.565402 -2.56608
37 -0.306598 -0.233722 -0.922698 0.686406
0.269563 0.908377 -0.319666 -2.29644
0.912871 -0.346735 -0.215504 -3.16053
38 0.102335 -0.297643 -0.949177 -1.54596
0.311918 0.915665 -0.253505 -2.45689
0.944582 -0.270123 0.186545 -3.15008
39 0.0469286 -0.286678 -0.956877 -1.60843
0.285583 0.921799 -0.262163 -2.27795
0.957204 -0.260965 0.125129 -2.95472
40 0.0518667 -0.300763 -0.952288 -0.906967
0.290859 0.91678 -0.273707 -2.24286
0.955359 -0.262785 0.13503 -2.74406
41 0.154341 -0.29964 -0.941485 -1.05275
0.28629 0.925586 -0.247648 -2.26537
0.945631 -0.231315 0.22864 -2.87047
42 0.463461 -0.259993 -0.847117 -1.96915
0.197441 0.962254 -0.187309 -1.98751
0.863841 -0.0804454 0.497301 -2.69761
43 0.928 -0.0975814 -0.359575 -4.92156
0.0976907 0.995056 -0.0179155 -0.982264
0.359546 -0.0185015 0.932944 1.11843
44 0.999922 0.00335343 -0.0120305 -5.20883
-0.00309582 0.999767 0.0213681 -0.414717
0.0120994 -0.0213292 0.999699 2.70533
45 0.995772 0.0262852 0.0880178 -4.61508
-0.0259959 0.999652 -0.00443089 -0.230907
-0.0881037 0.00212405 0.996109 3.6957
46 0.995349 0.0172183 0.0947831 -4.04348
-0.0171046 0.999852 -0.00201299 -0.249998
-0.0948037 0.00038241 0.995496 3.82556
47 0.99553 0.0486913 0.0809269 -3.68255
-0.0496367 0.99872 0.00970994 -0.0443807
-0.0803506 -0.0136835 0.996673 3.94669
48 0.995899 0.0343718 0.0836942 -3.32739
-0.0358725 0.99922 0.0164926 -0.102387
-0.083062 -0.0194272 0.996355 3.92317
49 0.791828 0.152619 0.591367 -2.108
-0.158201 0.986481 -0.0427618 0.200612
-0.589899 -0.059695 0.805268 5.24047
50 0.703123 0.21654 0.677295 -1.95042
-0.183994 0.975469 -0.120859 0.195778
-0.686851 -0.0396397 0.725717 5.7819
51 0.762827 0.148796 0.629249 -1.76501
-0.145287 0.987721 -0.0574339 0.126487
-0.630069 -0.0476097 0.775078 5.47528
52 0.832443 0.13159 0.538259 -1.67745
-0.139237 0.9899 -0.0266674 0.148452
-0.536331 -0.0527466 0.842358 5.1134
53 0.882974 0.0776487 0.462955 -1.76934
-0.0847596 0.996386 -0.00545976 -0.0312795
-0.461706 -0.034419 0.886365 4.85431
54 0.891808 -0.147933 -0.427544 -4.56911
0.137292 0.988957 -0.05581 -0.982307
0.431079 -0.0089267 0.90227 1.82143
55 0.988267 0.0403585 0.147311 -1.52972
-0.0352694 0.998693 -0.0369981 -0.382697
-0.148611 0.0313685 0.988398 4.08643
56 0.110344 0.993538 0.0265937 -0.483171
-0.979783 0.104246 0.170755 2.07844
0.166879 -0.0448979 0.984955 3.22982
57 -0.0640662 0.996536 0.053025 -0.231408
-0.967913 -0.0491131 -0.246441 1.84396
-0.242983 -0.0671121 0.967706 3.49134
58 -0.0522723 0.994753 0.087947 -0.151968
-0.99336 -0.0427563 -0.106806 2.72754
-0.102485 -0.0929461 0.990383 3.12883
59 -0.0458164 0.998254 0.0372821 -0.322518
-0.987309 -0.0395698 -0.153804 1.89701
-0.15206 -0.0438557 0.987398 3.30674
60 -0.0501523 0.99812 0.0352278 -0.317946
-0.993322 -0.0461795 -0.105732 1.46766
-0.103906 -0.0402952 0.993771 3.30957
61 -0.0121205 0.99987 0.010593 -0.477076
-0.998575 -0.0115529 -0.0520942 1.18592
-0.0519651 -0.0112094 0.998586 3.1999
62 -0.009056 0.999085 0.0417982 -0.476827
-0.996014 -0.0127215 0.0882803 1.05396
0.0887313 -0.0408322 0.995218 2.85345
63 0.0345023 0.997924 0.0543892 -0.425202
-0.992228 0.0276935 0.121314 0.855163
0.119555 -0.0581521 0.991123 2.95841
64 -0.0429168 0.996266 0.0749202 -0.321718
-0.998709 -0.040739 -0.030358 0.226225
-0.0271924 -0.0761264 0.996727 3.07678
65 -0.0168489 0.996002 0.0877292 -0.282461
-0.99949 -0.019158 0.0255455 0.0475741
0.0271241 -0.0872541 0.995817 3.1015
66 0.928843 -0.0961486 -0.357779 -1.26333
0.100312 0.994932 -0.00695219 -0.41809
0.356634 -0.029432 0.93378 3.41766
67 0.959066 -0.058699 -0.277031 -0.886715
0.0689639 0.997241 0.0274479 -0.201508
0.274655 -0.0454294 0.960469 3.80593
68 0.937244 -0.0468423 -0.345513 -0.882372
0.055795 0.998314 0.016006 -0.189943
0.344181 -0.0342795 0.938277 3.94851
69 0.917395 -0.0814239 -0.38956 -0.583136
0.0953122 0.995312 0.0164205 -0.141206
0.386397 -0.0521939 0.920855 4.04368
70 0.885084 -0.137081 -0.444786 -0.612625
0.152846 0.98825 -0.000424327 -0.160171
0.439618 -0.0676083 0.895637 3.96757
71 0.999855 0.00766113 0.0152144 0.227402
-0.00769922 0.999967 0.00244656 -0.149144
-0.0151952 -0.00256335 0.999881 4.38705
72 0.998309 0.0250004 0.0524852 0.890629
-0.0249696 0.999687 -0.0012433 -0.186999
-0.0524999 -6.93428e-05 0.998621 4.30165
73 0.999757 0.0162672 -0.0148744 1.08083
-0.0163235 0.99986 -0.00367096 -0.22474
0.0148126 0.00391287 0.999883 4.3148
74 0.997023 0.0425319 0.0643157 1.80018
-0.0426848 0.999088 0.0010044 -0.252114
-0.0642143 -0.00374672 0.997929 4.20935
75 0.994407 -0.0220678 -0.103289 1.33609
0.0235895 0.99963 0.0135348 -0.0955691
0.102952 -0.0158956 0.994559 4.461
76 0.995283 -0.0144594 -0.0959303 1.65788
0.017333 0.999424 0.0291897 -0.0118655
0.0954529 -0.0307148 0.99496 4.51565
77 0.901875 0.129824 0.412029 1.99061
-0.121067 0.991511 -0.0474111 -0.494515
-0.414686 -0.00712426 0.909937 3.60606
78 0.818406 0.176696 0.5468 2.23863
-0.147204 0.984265 -0.0977382 -0.88624
-0.555466 -0.000501763 0.831539 2.45302
79 0.067807 0.989464 0.127922 -0.286073
-0.971439 0.0362539 0.234505 0.101824
0.227397 -0.14017 0.963661 2.78043
80 0.125818 0.983188 0.132326 -0.293865
-0.890996 0.0533386 0.450866 0.116542
0.436228 -0.174629 0.882728 2.70808
81 0.517145 0.238663 0.821949 2.1562
-0.280527 0.954553 -0.100666 -1.24236
-0.808619 -0.17852 0.560594 0.720407
82 0.0450425 0.303834 0.95166 0.931753
-0.197895 0.936462 -0.289615 -1.52435
-0.979188 -0.175284 0.102308 -0.234088
83 -0.0593475 0.324711 0.943949 1.01777
-0.264071 0.906822 -0.328542 -1.63179
-0.962676 -0.268768 0.0319292 -0.384122
84 0.132629 0.303209 0.943649 1.87642
-0.218488 0.937584 -0.270553 -1.59508
-0.966785 -0.170292 0.190598 -0.405945
85 -0.0241447 0.310914 0.950131 2.03642
-0.220076 0.92544 -0.308427 -1.62681
-0.975184 -0.216548 0.0460802 -0.481388
86 -0.148513 0.325734 0.933724 1.47438
-0.216538 0.91057 -0.352098 -1.74933
-0.964912 -0.254478 -0.0646981 -0.912012
87 -0.648254 0.28506 0.706051 -0.0768688
-0.14711 0.862916 -0.483461 -1.8458
-0.747078 -0.417272 -0.517454 -1.42427
88 -0.102306 0.857647 -0.503959 -1.79384
0.848134 -0.189529 -0.494719 1.0181
-0.519809 -0.478037 -0.70801 -1.33196
89 -0.73929 0.228032 0.633602 -0.366965
-0.157807 0.856047 -0.49222 -1.85114
-0.654636 -0.46388 -0.596882 -1.33347
90 -0.657382 0.263749 0.705893 0.426741
-0.188966 0.849119 -0.493243 -1.94929
-0.72948 -0.457639 -0.508356 -1.38615
91 -0.551181 0.287945 0.783127 0.911171
-0.197142 0.867051 -0.457556 -1.83988
-0.810762 -0.406583 -0.421136 -1.10982
92 -0.0520822 0.325939 0.943955 1.82045
-0.23619 0.9144 -0.328765 -1.61049
-0.97031 -0.240075 0.0293594 -0.266756
93 -0.0605113 0.369961 0.927074 2.12839
-0.224732 0.899881 -0.373778 -1.64025
-0.97254 -0.230961 0.0286891 0.0463526
94 -0.0686515 0.331634 0.940907 2.64826
-0.22023 0.914828 -0.338511 -1.54209
-0.973029 -0.230455 0.0102313 0.156201
95 -0.0967341 0.320029 0.942456 3.20766
-0.225105 0.915327 -0.333922 -1.54949
-0.969521 -0.244454 -0.0165031 0.0949858
96 -0.0502063 0.332125 0.941898 3.60225
-0.20515 0.919548 -0.335179 -1.59293
-0.977442 -0.210058 0.0219682 0.16682
97 -0.0164585 0.336703 0.941467 4.04368
-0.214453 0.918493 -0.332236 -1.63401
-0.976596 -0.207369 0.0570901 0.215237
98 0.319935 0.345512 0.882192 4.08234
-0.222207 0.932526 -0.28464 -1.42807
-0.921013 -0.104963 0.375123 1.68954
99 0.171614 0.359576 0.917199 4.46775
-0.271715 0.912176 -0.306767 -1.65457
-0.946953 -0.196572 0.254244 0.765191
100 0.718905 0.261213 0.644161 3.74516
-0.199941 0.965249 -0.168277 -0.934802
-0.665733 -0.00781888 0.746149 3.27594
101 0.807503 0.230635 0.542906 3.854
-0.199256 0.972943 -0.116953 -0.773299
-0.55519 -0.0137375 0.83161 3.55962
102 0.255618 0.34412 0.903461 5.02217
-0.244582 0.927125 -0.283933 -1.71044
-0.935328 -0.148392 0.321155 0.412857
103 0.935931 0.111126 0.334192 2.91493
-0.10287 0.993792 -0.0423634 -0.266221
-0.336825 0.00527093 0.941553 4.42803
104 0.931359 -0.0954401 -0.351371 -0.402657
0.0824911 0.995251 -0.0516776 -0.0537906
0.354635 0.0191454 0.934809 5.43393
105 -0.311009 0.888331 -0.337848 -2.19375
0.0128085 -0.351527 -0.93609 -4.89922
-0.950321 -0.29546 0.0979498 -1.13137
106 0.477901 0.327046 0.815262 5.04597
-0.300489 0.932981 -0.198125 -1.3747
-0.825419 -0.150294 0.544146 2.16626
107 -0.240438 0.94262 -0.231641 -1.45799
-0.437612 -0.31828 -0.840948 -5.45674
-0.866421 -0.100827 0.489029 1.9382
108 -0.327278 0.938902 -0.106549 -0.98312
-0.557601 -0.282929 -0.780405 -5.81043
-0.762869 -0.195997 0.616129 2.41711
109 -0.318085 0.936712 -0.146263 -1.26044
-0.545924 -0.307101 -0.779523 -5.92035
-0.775106 -0.168106 0.609058 2.27644
110 -0.349084 0.934486 -0.069837 -0.923427
-0.568309 -0.270373 -0.777125 -6.09358
-0.745094 -0.231593 0.62546 2.25488
111 -0.267735 0.962698 -0.0391311 -0.591433
-0.593565 -0.196795 -0.780354 -6.24006
-0.758945 -0.185701 0.624113 2.12252
112 -0.312793 0.948721 0.045697 -0.238218
-0.731599 -0.209967 -0.648596 -5.93648
-0.605742 -0.236308 0.75976 3.14772
113 0.624527 0.244727 0.74167 6.30068
-0.532209 0.828368 0.174814 -0.0261719
-0.571594 -0.5039 0.647584 2.42778
114 0.933304 0.178199 0.31175 4.31907
-0.142261 0.980629 -0.134639 -0.456878
-0.329704 0.0813092 0.940576 7.09435
115 0.966811 0.0708843 0.245464 3.74468
-0.0423688 0.991922 -0.119566 -0.150593
-0.251956 0.105197 0.962004 7.42397
116 0.971543 0.107052 0.211291 4.02455
-0.0911862 0.992328 -0.0834847 0.0230572
-0.218608 0.0618421 0.973851 7.44654
117 0.980083 0.0749129 0.183918 4.31
-0.058516 0.993943 -0.093023 0.037557
-0.189773 0.0804081 0.97853 7.59815
118 0.996127 0.0441383 0.0760491 4.19679
-0.0357061 0.993414 -0.108873 -0.0335993
-0.0803537 0.105736 0.991142 8.01878
119 0.998479 0.0483168 -0.0265661 4.12696
-0.0508943 0.992967 -0.106898 -0.0926568
0.0212143 0.108088 0.993915 8.3972
120 0.977041 -0.0234297 -0.211761 3.05517
-0.00140898 0.993203 -0.116391 0.0501566
0.213049 0.114017 0.970366 9.13848
121 0.958386 -0.0684142 -0.277158 2.97906
0.0528201 0.996592 -0.063354 0.827898
0.280548 0.046078 0.958733 9.54959
122 0.941479 -0.0646267 -0.330818 2.76974
0.0379368 0.995528 -0.0865158 0.586649
0.33493 0.0689027 0.93972 9.84435
123 0.879529 -0.123118 -0.459641 1.56015
0.0813505 0.990632 -0.109682 0.679829
0.468839 0.0590767 0.881306 10.2908
124 0.918478 -0.105395 -0.38117 2.71093
0.056265 0.988855 -0.137844 0.316378
0.39145 0.10516 0.914171 10.2778
125 0.448631 -0.215911 -0.867244 -2.70629
0.225124 0.96639 -0.124136 1.14682
0.864898 -0.139546 0.482159 8.73091
126 0.216292 0.968715 -0.121691 1.01949
-0.567573 0.226174 0.791648 1.61515
0.794405 -0.102158 0.598736 8.73886
127 0.218757 0.975563 -0.0205239 1.61158
-0.63181 0.157641 0.758924 1.20206
0.743613 -0.153053 0.650856 8.5036
128 0.257478 0.965882 -0.0278859 1.71617
-0.696788 0.205585 0.687184 0.549385
0.669471 -0.157504 0.725948 8.37825
129 0.241298 0.967459 -0.0761521 1.4944
-0.608788 0.212015 0.764478 1.12632
0.755746 -0.138106 0.640136 8.80137
130 0.272501 0.951136 -0.145199 1.30577
-0.477016 0.264611 0.838115 2.02184
0.835583 -0.159125 0.525814 8.69607
131 0.266303 0.95145 -0.154352 1.35607
-0.48465 0.270591 0.831802 1.6122
0.833185 -0.146705 0.533179 9.14191
132 0.488341 -0.280207 -0.826443 -1.53999
0.19396 0.958209 -0.210272 0.502255
0.850825 -0.0576119 0.522282 9.25971
133 0.394253 -0.28797 -0.872719 -2.28092
0.230926 0.950211 -0.209218 0.750192
0.889515 -0.119049 0.441123 8.88365
134 0.519642 -0.291549 -0.803101 -0.760472
0.209981 0.954726 -0.210726 0.565717
0.828179 -0.0591339 0.557336 8.9955
135 0.361243 -0.27032 -0.89243 -2.31568
0.283958 0.943493 -0.170846 1.26425
0.888185 -0.191696 0.417589 8.49247
136 0.489678 -0.296366 -0.81999 -0.851397
0.264002 0.946709 -0.18451 1.00155
0.830975 -0.126128 0.541824 8.55808
137 0.511426 -0.27808 -0.81309 -0.280998
0.201083 0.95865 -0.201383 0.474486
0.835469 -0.0605058 0.546196 8.56467
138 0.49752 -0.281579 -0.82048 -0.00666895
0.223778 0.955497 -0.192222 0.644181
0.838091 -0.0879709 0.53839 8.34779
139 0.520205 -0.239951 -0.819641 0.546547
0.233688 0.963085 -0.133629 0.911686
0.821448 -0.122026 0.557075 8.12623
140 0.523012 -0.274444 -0.806932 0.924966
0.204008 0.959531 -0.194117 0.441439
0.82755 -0.0630953 0.557835 7.99864
141 0.149683 0.902276 -0.404342 -0.708781
0.358281 0.331659 0.872718 5.70376
0.921537 -0.275499 -0.273625 5.66085
142 0.23404 0.919188 -0.316732 0.225983
0.0764667 0.307367 0.948514 3.78461
0.969215 -0.24621 0.00164905 7.042
143 0.237242 0.936317 -0.258897 0.435207
-0.114309 0.29156 0.949698 2.19322
0.964702 -0.195714 0.1762 7.55906
144 0.204307 0.947168 -0.247248 0.234506
-0.150936 0.280036 0.94805 1.66961
0.967201 -0.156374 0.200175 7.64259
145 0.440646 -0.268237 -0.856668 0.407316
0.214274 0.958156 -0.189799 0.503424
0.871733 -0.0999275 0.479683 7.92091
146 0.501978 -0.244974 -0.829461 1.32927
0.228677 0.962511 -0.145877 0.69667
0.834101 -0.116452 0.539179 7.67747
147 0.573082 -0.243527 -0.782478 2.22962
0.226027 0.964761 -0.134718 0.656598
0.787711 -0.0996566 0.607931 7.35089
148 0.752224 -0.215778 -0.622575 4.09196
0.2079 0.974318 -0.0864945 0.613144
0.62525 -0.0643699 0.777765 6.48534
149 0.250265 0.958203 -0.138615 0.807613
-0.368537 0.226675 0.901553 -0.624079
0.895292 -0.174543 0.409863 7.63043
150 0.201878 0.977851 0.0552514 0.855493
-0.721263 0.110267 0.683828 -3.81854
0.662589 -0.177901 0.727548 6.57974
151 0.238461 0.970088 0.0454499 0.986243
-0.76593 0.159091 0.622929 -4.56842
0.597066 -0.183356 0.780957 5.9664
152 0.304792 0.952337 -0.0124907 1.32401
-0.631286 0.211826 0.746061 -3.81506
0.713148 -0.219508 0.66576 6.50494
153 0.318182 0.948028 0.00188691 1.36388
-0.529917 0.176202 0.829543 -3.221
0.786097 -0.264945 0.55844 6.81252
154 0.335807 0.941206 -0.0369384 1.39528
-0.61816 0.2498 0.745304 -4.15198
0.710712 -0.227445 0.665701 6.19129
155 0.33826 0.940898 0.0170893 1.34759
-0.599136 0.201319 0.774923 -4.31756
0.725683 -0.272364 0.631824 6.09354
156 0.386257 0.921928 -0.0292153 1.63919
-0.444106 0.21364 0.870131 -3.36589
0.80844 -0.32312 0.491954 6.58428
157 0.317817 0.943909 -0.0896017 0.985975
-0.441627 0.230994 0.866953 -3.89086
0.839022 -0.235961 0.49027 6.51482
158 0.409609 -0.263228 -0.873459 3.70203
0.185995 0.961452 -0.202524 -0.00338711
0.893099 -0.0795031 0.442779 6.68569
159 0.627999 -0.132045 -0.76693 5.11227
0.145947 0.987998 -0.0505984 -0.381761
0.764406 -0.0801557 0.639733 5.67358
160 -0.706411 -0.129362 -0.695879 -4.88233
0.212139 0.899264 -0.382521 0.283108
0.675263 -0.41784 -0.607807 5.63234
161 -0.601808 -0.181127 -0.777831 -3.63646
0.187746 0.914563 -0.358226 0.111989
0.77626 -0.361618 -0.516385 6.53171
162 -0.130729 -0.237099 -0.962649 0.218599
0.148328 0.955376 -0.255451 -0.293362
0.98026 -0.176182 -0.0897269 7.53455
163 0.0565496 -0.302924 -0.951335 2.01237
0.17004 0.941861 -0.2898 -0.0680484
0.983813 -0.145377 0.104771 7.37801
164 -0.117983 -0.264568 -0.957123 1.00859
0.181684 0.941834 -0.282738 0.0279719
0.976254 -0.207252 -0.0630529 7.70713
165 0.302021 0.89388 -0.331303 1.10166
0.276528 0.250442 0.927799 -0.0687032
0.912314 -0.371829 -0.171544 7.76496
166 -0.564932 -0.197014 -0.801272 -2.16573
0.208904 0.90529 -0.369876 0.49477
0.798255 -0.376344 -0.470271 7.63286
167 -0.611544 -0.174099 -0.771818 -2.5041
0.215349 0.902037 -0.374103 0.571198
0.76134 -0.394991 -0.514143 7.5429
168 0.332811 0.854487 -0.39886 1.63008
0.548095 0.168905 0.819184 1.75365
0.767351 -0.491247 -0.412126 7.69125
169 0.400922 0.866391 -0.297704 2.0234
0.33802 0.162135 0.927068 -0.205595
0.851472 -0.472312 -0.227854 8.21291
170 -0.531734 -0.190518 -0.825204 -1.05943
0.277915 0.881161 -0.382515 1.80602
0.800014 -0.432733 -0.415595 9.74966
171 -0.359451 -0.181888 -0.915266 0.598309
0.310374 0.901676 -0.30108 1.76374
0.880036 -0.392298 -0.267655 9.85469
172 -0.23695 -0.235367 -0.94258 1.62994
0.301029 0.904673 -0.301576 1.65482
0.923708 -0.355203 -0.14351 9.64776
173 -0.471829 -0.216758 -0.854631 -0.18595
0.282557 0.881013 -0.379444 1.70786
0.835188 -0.420515 -0.354441 9.50423
174 0.322515 0.853912 -0.408433 2.11001
0.585865 0.158831 0.794692 1.15757
0.743469 -0.495587 -0.449052 9.04338
177 0.426778 -0.199232 -0.882138 7.16809
0.258347 0.961642 -0.0922004 0.165764
0.86667 -0.188549 0.461879 5.9533
178 0.442463 -0.25024 -0.861166 7.73281
0.288901 0.94886 -0.127286 0.551851
0.848977 -0.192472 0.49213 5.54641
179 -0.0403233 -0.217516 -0.975223 4.13403
0.287715 0.932151 -0.219806 1.13718
0.956867 -0.289449 0.0249952 9.02601
180 -0.366212 -0.189771 -0.910975 1.24048
0.235696 0.928142 -0.288096 1.12905
0.900187 -0.320217 -0.295168 10.36
181 -0.0186528 -0.210479 -0.97742 4.78648
0.233846 0.949558 -0.208942 0.697603
0.972095 -0.232463 0.0315077 9.32247
182 0.313991 0.830731 -0.459669 2.2354
0.707003 0.118558 0.697202 2.54263
0.633685 -0.543902 -0.550103 8.59671
183 0.275495 0.837601 -0.471727 2.04402
0.657105 0.194089 0.728383 1.04294
0.701652 -0.510641 -0.496921 9.061
184 0.290758 0.856766 -0.425926 2.00162
0.494757 0.246391 0.833371 -1.39149
0.818948 -0.453039 -0.352251 9.42156
185 -0.627651 -0.153236 -0.763265 -0.0180868
0.306971 0.852282 -0.423537 2.18173
0.715418 -0.500134 -0.487897 9.68704
186 -0.563939 -0.1906 -0.80352 1.23591
0.323524 0.844234 -0.427318 2.49194
0.759806 -0.500939 -0.414433 10.2041
187 -0.23395 -0.224867 -0.945887 3.39881
0.263668 0.921752 -0.284344 1.42996
0.935813 -0.315922 -0.156354 10.0355
188 -0.349611 -0.170711 -0.921211 3.15887
0.309397 0.90706 -0.285509 1.96463
0.884334 -0.384837 -0.264301 10.7262
189 -0.725903 -0.113214 -0.678416 -1.62822
0.193472 0.912923 -0.359362 1.44136
0.660026 -0.392116 -0.640789 11.3708
190 -0.228594 -0.176348 -0.957416 4.94638
0.291188 0.926048 -0.240095 1.49972
0.928953 -0.333673 -0.160339 10.284
191 -0.276469 -0.167741 -0.94627 4.8907
0.305822 0.918106 -0.252099 1.70802
0.911064 -0.359088 -0.202529 10.3125
192 -0.319102 -0.180323 -0.930407 4.89603
0.321313 0.903002 -0.285212 2.10051
0.891589 -0.389964 -0.23021 10.2933
193 -0.441921 -0.183809 -0.878021 3.82179
0.317142 0.88356 -0.344591 2.56062
0.839122 -0.430739 -0.33217 10.643
194 -0.512622 -0.160489 -0.843482 3.44149
0.273579 0.900644 -0.337631 2.04649
0.813863 -0.403836 -0.417784 10.698
195 0.343447 0.893391 -0.289649 2.18451
0.453 0.112578 0.884374 -4.32336
0.8227 -0.434946 -0.366042 10.3438
196 0.312618 0.86722 -0.387556 2.80496
0.638238 0.110407 0.761881 -2.51551
0.703507 -0.485531 -0.518977 10.6922
