10
10.04556892 0.4840519374 -3.582527335 3 5 6248 1655.303833 825.1047974 6 7749 1639.770874 784.468689 12 8731 1651.53186 874.0252075 
7.748169855 0.2432835927 -5.590657668 3 5 5116 459.9382324 1030.05249 6 6363 639.5233765 953.0003662 9 7647 662.3397827 1042.480835 
10.04556892 0.4840519374 -3.582527335 3 5 6249 1655.303833 825.1047974 6 7750 1639.770874 784.468689 12 8732 1651.53186 874.0252075 
7.597766558 0.494638147 -4.339291438 7 5 3867 713.1791992 914.1282959 6 4831 756.3156128 837.7200317 9 4762 784.6357422 900.6464233 10 7845 916.5882568 962.5129395 12 5479 1056.04248 948.5078735 13 5708 1187.990967 903.7894897 14 3565 1147.869873 950.8171387 
7.767327731 0.392141374 -4.279864624 7 5 6275 772.4308472 871.911377 6 7754 821.7944336 796.2913208 9 7915 854.6380615 852.5383911 10 9922 989.8098755 910.7035522 11 10260 1105.101929 857.0929565 13 8984 1237.067749 860.5838013 14 8818 1190.647339 911.3947754 
7.768400404 0.3910719398 -4.285897689 4 5 6276 772.4308472 871.911377 6 7755 821.7944336 796.2913208 9 7916 854.6380615 852.5383911 10 9923 989.8098755 910.7035522 
5.564414414 0.4925988827 -4.635806599 7 5 3901 95.1255722 933.1934204 6 4833 18.14759827 838.5122681 11 8088 128.5440979 946.1796875 13 5803 386.9888611 950.7929688 14 7793 395.7983093 974.9700317 15 5355 1043.078857 875.776001 16 8442 1285.430176 828.3068848 
7.951405626 0.3940011261 -4.24955264 6 5 6274 837.6328125 869.2052612 6 7756 891.1314697 795.9691772 9 7913 930.2497559 849.8312378 10 9920 1069.092896 907.7479248 11 10259 1177.449097 854.3234253 13 8351 1290.391846 858.9279785 
8.172428606 0.1018156058 -4.115052707 8 5 3541 916.7116699 751.4974365 6 4468 976.9362183 680.2748413 9 5853 1018.138306 719.6954346 10 7575 1155.671387 770.9096069 11 7791 1253.291626 727.074707 12 5134 1233.100098 784.6200562 13 2758 1341.953613 750.3704834 14 3196 1281.059937 810.8360596 
9.276981531 0.8934108678 -2.470152811 3 5 6261 1342.925903 846.9317017 6 7757 1292.724365 795.2006226 9 7562 1350.88562 832.4882812