99
10.04556892 0.4840519374 -3.582527335 3 5 6248 1655.303833 825.1047974 6 7749 1639.770874 784.468689 12 8731 1651.53186 874.0252075 
7.748169855 0.2432835927 -5.590657668 3 5 5116 459.9382324 1030.05249 6 6363 639.5233765 953.0003662 9 7647 662.3397827 1042.480835 
10.04556892 0.4840519374 -3.582527335 3 5 6249 1655.303833 825.1047974 6 7750 1639.770874 784.468689 12 8732 1651.53186 874.0252075 
7.597766558 0.494638147 -4.339291438 7 5 3867 713.1791992 914.1282959 6 4831 756.3156128 837.7200317 9 4762 784.6357422 900.6464233 10 7845 916.5882568 962.5129395 12 5479 1056.04248 948.5078735 13 5708 1187.990967 903.7894897 14 3565 1147.869873 950.8171387 
7.767327731 0.392141374 -4.279864624 7 5 6275 772.4308472 871.911377 6 7754 821.7944336 796.2913208 9 7915 854.6380615 852.5383911 10 9922 989.8098755 910.7035522 11 10260 1105.101929 857.0929565 13 8984 1237.067749 860.5838013 14 8818 1190.647339 911.3947754 
7.768400404 0.3910719398 -4.285897689 4 5 6276 772.4308472 871.911377 6 7755 821.7944336 796.2913208 9 7916 854.6380615 852.5383911 10 9923 989.8098755 910.7035522 
5.564414414 0.4925988827 -4.635806599 7 5 3901 95.1255722 933.1934204 6 4833 18.14759827 838.5122681 11 8088 128.5440979 946.1796875 13 5803 386.9888611 950.7929688 14 7793 395.7983093 974.9700317 15 5355 1043.078857 875.776001 16 8442 1285.430176 828.3068848 
7.951405626 0.3940011261 -4.24955264 6 5 6274 837.6328125 869.2052612 6 7756 891.1314697 795.9691772 9 7913 930.2497559 849.8312378 10 9920 1069.092896 907.7479248 11 10259 1177.449097 854.3234253 13 8351 1290.391846 858.9279785 
8.172428606 0.1018156058 -4.115052707 8 5 3541 916.7116699 751.4974365 6 4468 976.9362183 680.2748413 9 5853 1018.138306 719.6954346 10 7575 1155.671387 770.9096069 11 7791 1253.291626 727.074707 12 5134 1233.100098 784.6200562 13 2758 1341.953613 750.3704834 14 3196 1281.059937 810.8360596 
9.276981531 0.8934108678 -2.470152811 3 5 6261 1342.925903 846.9317017 6 7757 1292.724365 795.2006226 9 7562 1350.88562 832.4882812 
7.207946957 0.4951290392 -4.402913325 6 5 3882 581.8041382 919.4117432 6 4834 609.8189697 839.2359619 9 6097 625.0570068 907.7975464 11 8047 876.6817017 914.9750366 12 7035 913.8855591 957.4954834 14 6061 1038.807739 955.3569336 
5.691405024 0.3954774957 -4.608318891 3 5 6289 127.8538666 901.9482422 6 7759 61.00556564 804.8084106 10 9931 63.51641083 949.9432983 
7.579684603 0.4150123787 -4.314245653 8 5 5814 708.0704956 882.8916626 6 7760 751.4658203 805.7703857 9 7580 778.116272 865.635498 10 9570 908.3795166 924.6722412 11 9830 1029.781616 870.6337891 12 8752 1048.120605 915.0812988 13 8364 1179.893066 872.381958 14 8830 1142.163452 920.2377319 
7.968191595 0.42735529 -4.255927208 6 5 6281 843.9979858 881.7590332 6 7763 896.479126 809.3795166 9 7578 937.2980957 863.5568237 10 9927 1077.306519 923.0179443 11 9829 1184.950439 868.7376709 13 8365 1295.660522 870.52948 
7.909941279 0.4334874575 -4.266168062 3 5 5815 823.6085815 884.1873779 6 7764 875.097168 811.9376221 9 7581 913.5772095 867.2759399 
7.406809032 0.489262525 -4.370130322 5 5 3870 648.1897583 914.6900635 6 4828 684.1779175 836.2541504 10 7846 832.2481689 963.7969971 12 5486 987.9495239 950.7637329 13 5712 1127.185303 905.7999878 
6.509662888 0.278871428 -4.425533795 3 5 6263 372.1057739 847.5134888 6 7730 365.2092285 754.6489868 10 9909 443.9656372 877.6080322 
6.797074978 0.285945764 -4.391926815 7 5 6260 456.8001404 846.0750732 6 7732 467.3036194 756.6506348 9 7904 467.338623 822.3602905 10 9910 568.7633057 877.2271118 11 10243 703.5663452 826.2825317 15 8688 1579.442383 742.6782837 14 9455 913.1499634 872.0947266 
7.182159047 0.3997487926 -4.375279986 7 5 3799 575.2929688 883.4163208 6 4752 603.480957 801.1660156 9 6043 616.8751831 865.9002075 10 7799 734.3242188 925.3242188 11 7973 865.4804077 871.6876831 12 6980 903.6865234 915.6206665 14 5979 1031.430664 917.0510864 
8.212977352 0.3119018284 -4.180144601 7 5 6252 931.9596558 832.694397 6 7737 990.6746216 762.6462402 9 7898 1037.12854 809.0235596 10 9905 1178.337769 864.9863281 11 10240 1275.621582 814.7557373 13 8966 1360.791626 824.9545288 14 8772 1294.404419 881.1278076 
9.210577817 0.780640206 -2.410130181 3 5 6243 1321.244629 814.4163208 6 7739 1273.899658 762.3401489 9 7542 1327.655151 797.7376709 
8.165573412 0.31764662 -4.188908834 8 5 6255 914.8111572 835.5494385 6 7741 972.557251 764.9223022 9 7545 1017.779907 812.4223633 10 9543 1158.702393 868.3360596 11 9802 1257.469849 817.7243652 12 8068 1238.327637 867.1132812 13 8320 1347.971313 827.9260864 14 7661 1283.647827 883.583313 
7.167116008 0.3177106785 -4.360758235 7 5 6266 569.4017944 853.1459961 6 7742 599.6640015 769.7600708 9 7560 611.8865967 831.958313 10 9558 728.1882324 887.9169922 11 9811 858.5460205 835.8879395 12 8735 897.7817383 881.6808472 13 8336 1046.744019 842.1734009 
7.166652094 0.3179599009 -4.359387927 6 5 6267 569.4017944 853.1459961 6 7743 599.6640015 769.7600708 9 7561 611.8865967 831.958313 10 9559 728.1882324 887.9169922 11 9812 858.5460205 835.8879395 12 8736 897.7817383 881.6808472 
8.387731714 0.346925035 -4.176494907 3 5 6258 996.5147705 844.2719116 6 7744 1056.369019 776.791626 9 7550 1109.651978 822.3397827 
6.666226688 0.1909695017 -5.102558238 6 5 3830 224.5011902 897.2857056 6 4750 249.479126 801.272644 9 6063 223.9293823 880.9194946 10 7819 354.3378296 943.3201904 11 8004 570.7952271 886.8268433 12 6998 716.6807251 929.8109131 
8.386713988 0.3507444621 -4.160983693 6 5 6259 996.5147705 844.2719116 6 7745 1056.369019 776.791626 9 7551 1109.651978 822.3397827 10 9552 1252.442139 879.1148071 11 9807 1341.908691 827.7036133 13 7210 1407.679443 836.5900879 
6.518314066 0.342249445 -4.452166646 3 5 6273 371.1151428 870.7515869 6 7746 363.5015869 779.678772 10 9919 443.7811584 908.4304199 
7.751987201 0.3539982747 -4.266529006 8 5 6268 767.5448608 856.4406128 6 7747 817.1068726 780.3959351 9 7565 848.8024902 835.3173828 10 9914 982.9203491 892.4620972 11 9815 1098.248535 840.1975708 12 8739 1105.495239 887.3208618 13 8980 1230.703247 846.2037964 14 7679 1185.796997 898.5117798 
7.591680099 0.3598032298 -4.297704674 7 5 5799 712.2631836 861.994873 6 7748 756.8602905 783.7567749 9 7568 783.0878906 841.5797729 10 9563 913.5530396 899.0581055 11 9820 1033.903198 846.1506958 12 8743 1051.683228 892.0166626 13 8343 1182.615967 851.0010376 
8.460948519 0.6105229441 -4.230887127 6 5 6314 1027.894531 948.9406738 6 7786 1083.714722 881.1123657 9 7607 1146.15918 936.3364258 10 9596 1294.22522 999.2661133 13 8418 1436.578979 929.2613525 14 7811 1352.918823 981.9073486 
8.435159162 0.519509914 -4.228910972 3 5 3875 1016.110229 914.5558472 6 4847 1073.459473 846.5603027 9 2692 1133.535522 898.4584351 
8.292807603 0.6192925571 -4.259179777 5 5 6316 963.9963989 954.3869629 6 7788 1019.446167 884.9585571 9 7611 1074.988525 943.0301514 10 9599 1221.874878 1006.472351 13 8426 1391.94165 935.4477539 
6.70673534 -0.2505702338 -4.988364986 3 5 3472 249.1781006 710.7677002 6 4314 284.1776733 594.6877441 9 5795 258.8452759 649.6231689 
7.428842044 0.3947309209 -4.33867733 5 5 1998 656.5223389 878.223999 6 4744 694.7669678 798.8867798 9 2557 716.1849976 859.9558105 10 6092 842.2687378 918.5396118 11 3403 967.9091187 864.8496094 
7.201825837 0.8317342019 -4.252089925 3 5 5880 621.1364136 1009.012329 6 7797 632.8706665 932.9642944 9 7639 653.9100342 1015.007874 
7.33603833 0.5206602259 -4.390480477 8 5 3889 624.0818481 927.4539185 6 4855 657.2973633 849.1433105 9 6105 676.8223877 917.0446777 10 7872 800.8964844 980.4064941 11 8055 930.0911865 924.1975098 12 7047 961.8005371 965.7321167 13 5743 1104.935669 919.9125366 14 6066 1076.392334 963.8775635 
7.429907119 0.5194175399 -4.377773073 7 5 2125 655.0139771 926.2610474 6 4856 692.1121216 848.9120483 9 4791 715.0158081 914.9795532 10 7870 842.5692139 978.1436768 11 6389 969.5554199 921.5748901 12 5514 996.5478516 963.3660889 13 3270 1135.438232 917.5487671 
6.945488079 0.3935920615 -4.406184642 4 5 2019 500.3528748 883.6018066 6 4741 517.0223389 798.3592529 9 4695 522.989624 867.1542358 10 6109 630.5462036 925.8081665 
7.930030979 0.6356953299 -4.326791791 5 5 5059 830.1377563 965.5547485 6 6307 879.9921875 893.1871948 10 8927 1063.905762 1023.221863 11 8133 1174.882446 962.0161133 13 7405 1290.886108 951.1748657 
5.702806709 0.387647934 -4.562404602 3 5 2040 142.4733582 893.4467773 6 4735 78.47071838 796.1102295 11 9165 207.7980347 890.3666992 
6.908528469 0.5943831819 -4.532000327 4 5 2209 471.7831116 966.6882935 6 6303 486.4651184 886.6265869 9 7626 490.769104 964.8955078 10 7962 601.196106 1034.404907 
8.236123089 0.616638051 -4.270019308 4 5 5053 943.124939 954.3289795 6 6301 997.472168 884.8683472 11 8094 1294.531616 946.0685425 13 5779 1377.074097 936.0460815 
7.961781908 0.6116618563 -4.318516442 5 5 5055 841.3964233 955.5828857 6 6300 892.3800049 883.5738525 9 6154 935.4981689 946.6226196 10 7937 1077.229248 1011.745178 11 8109 1186.804199 950.8260498 
7.470842333 0.399116806 -4.328728972 8 5 3790 670.6686401 878.8635864 6 4748 710.6221313 800.0354614 9 6036 733.3139648 860.8112793 10 6093 861.5958862 919.4602051 11 6259 985.9055786 866.0762939 12 5391 1009.993652 910.4606934 13 5643 1145.554443 868.0859985 14 3464 1112.673462 914.9822388 
8.161926529 0.5052403429 -4.254611827 4 5 3862 914.097168 911.1272583 6 4838 970.0447998 840.1941528 9 6074 1018.218079 895.2631226 10 7832 1161.578491 955.9416504 
6.776318093 0.4857518764 -4.463165254 4 5 5837 444.5460815 920.3392334 6 7770 451.2017517 836.2198486 10 9587 552.0683594 972.7880249 11 9857 690.2891235 919.2529907 
8.388675908 0.5308467389 -4.779584077 4 5 5081 942.7022095 1008.489929 6 6335 1051.557251 937.3312988 9 6195 1121.138672 1003.135681 11 8163 1456.209351 999.8531494 
7.662661828 0.5027919667 -4.33340415 6 5 6294 735.1096802 916.6848145 6 7774 780.2973022 841.2244873 9 7934 811.1546631 903.4540405 10 9935 945.215332 965.2554321 11 10272 1064.95874 908.4893188 13 9001 1208.00293 905.2688599 
10.37147364 -1.088983243 -1.209599076 3 5 5326 1564.532104 311.5922852 6 5561 1506.15271 304.5491638 9 5402 1540.322876 309.6351624 
7.980208715 0.5179303788 -4.280743414 6 5 6295 848.1981812 917.4938965 6 7776 900.6306763 845.3022461 9 7596 942.9859619 903.7676392 10 9934 1083.869873 965.0303955 11 9846 1191.627808 907.6075439 13 8397 1301.58728 904.4736328 
7.772042128 -0.1710367836 -4.067877159 3 5 5596 783.1029053 660.3867188 6 5930 833.5825806 581.8220215 11 9681 1094.053467 615.2362671 
8.014201946 0.5384278566 -4.29075679 3 5 6307 860.043396 926.1238403 6 7778 912.9483643 854.2463379 9 7939 956.7910767 912.8206177 
7.410462554 0.4422577994 -5.093181838 4 5 5078 489.345459 1009.021973 6 6331 574.5414429 930.6281128 10 8966 780.3463745 1093.03186 11 9266 989.708313 1023.803955 
8.111925536 0.5461297705 -4.268133534 6 5 6310 896.020813 927.2886353 6 7781 950.5004883 856.1904297 9 7940 998.263855 913.3966675 10 9936 1141.487305 975.5441895 11 10275 1243.816528 917.2451782 13 8406 1339.911011 913.3709717 
7.868194043 0.5547253978 -4.742085182 4 5 5071 737.5755005 1000.502686 6 6324 835.2139282 926.1192627 11 9246 1183.564941 1004.046936 13 7446 1368.951904 984.25354 
7.651010178 0.5810545388 -4.358679722 7 5 6311 730.6287231 947.1270142 6 7783 774.5100708 872.1517944 9 7947 806.2036133 938.244751 10 9940 940.4325562 1003.262817 11 10284 1061.268799 944.3230591 13 9010 1206.375732 937.161438 14 8886 1162.811279 983.7911377 
8.396255218 0.6099357521 -4.237864572 6 5 6313 1003.232117 948.9324341 6 7785 1059.165283 880.7425537 9 7946 1118.633545 936.9488525 10 9939 1265.953979 999.5999756 13 8417 1418.891479 929.7165527 14 8882 1338.198853 982.272522 
6.962047549 0.599540576 -4.468603229 4 5 2198 500.8783875 960.5084229 6 2732 516.5932007 880.5891724 9 2860 523.529541 956.7869263 10 6303 632.8789062 1025.240601 
7.376558618 0.6016116883 -4.413510477 3 5 2194 635.5043945 958.7659302 6 2737 670.0375366 881.9939575 11 6455 947.5744019 960.9099731 
6.669176133 0.2337779949 -5.115812945 6 5 2101 223.8100891 915.9135132 6 4794 247.7740021 822.3647461 9 4768 222.4056702 904.4848633 10 7856 352.9357605 970.321167 11 8043 571.5209961 913.0579834 12 5497 717.1702271 955.4879761 
6.711607352 0.4513008218 -4.463971522 3 5 3852 424.703186 908.5488892 6 4795 428.6888733 822.2967529 11 8020 661.9857788 904.9364014 
8.375078513 0.4264934189 -4.179911019 5 5 1982 993.9297485 874.2056274 6 4761 1050.912476 806.2728882 10 6084 1250.877319 913.5773926 13 5632 1405.701172 862.9276733 14 3477 1329.44458 918.7243042 
7.341947053 0.4529229077 -4.36611719 8 5 3838 627.1029053 901.2047729 6 4796 661.6341553 821.7411499 9 6067 680.4075317 886.5742798 10 7824 804.3831177 947.4405518 11 8008 932.5287476 892.6693115 12 7005 963.3427734 935.7929688 13 7307 1105.281128 892.0551147 14 6018 1077.468384 936.8886719 
7.376073591 0.6174384131 -4.412869001 3 5 2201 636.227356 963.9812012 6 2749 670.1001587 887.1704102 9 4857 692.4204102 958.8781738 
5.767471884 0.4541536628 -4.57578595 8 5 2110 157.2704773 917.5025024 6 4798 98.00806427 822.871582 9 4775 68.32170105 908.1113281 10 3622 105.9861908 970.0074463 11 3618 232.5539093 920.3400879 12 3142 275.1669006 966.3032227 14 6049 498.57724 948.3203735 16 6473 1375.368164 804.027832 
7.941612015 0.6372553786 -4.328859466 5 5 2207 834.1122437 966.373291 6 2758 883.7557373 893.9889526 9 4852 927.5251465 958.5058594 10 6299 1069.592529 1024.220947 11 6460 1178.845581 962.4934692 
8.366216772 0.64968051 -4.270928485 4 5 2212 991.8861694 967.8704224 6 2771 1046.878662 899.2330933 9 2866 1106.595825 957.659729 10 3786 1255.169312 1021.660095 
8.45951985 0.6574035027 -4.242465455 5 5 2213 1028.125244 967.9284058 6 2773 1083.359009 899.8314209 9 4848 1146.318237 957.055481 10 6290 1295.137085 1021.025452 13 3334 1437.598022 945.8806763 
9.882158046 0.7630415104 -3.102521539 6 5 3772 1569.248901 868.7512207 10 8823 1652.126343 912.5732422 12 5384 1523.327515 906.5177612 13 3124 1567.173828 864.7528687 14 3493 1416.777344 922.9641724 9 6021 1596.036377 853.5623779 
10.54911064 -1.555066396 -1.01132662 4 5 5995 1593.419556 202.4997864 6 7483 1536.25769 206.3232422 9 6463 1565.375 209.3811951 10 9162 1575.588135 279.5130615 
6.831223228 0.4305012015 -4.441029917 6 5 2058 462.6029053 899.3531494 6 4783 472.6991272 814.6486206 9 4730 475.2197571 885.109375 10 6146 577.7747192 946.5635376 11 6319 714.7665405 892.866333 12 5461 765.0111694 936.1018066 
10.713296 -1.172934387 -1.247733379 3 5 6409 1657.480713 276.1827393 6 7512 1591.272705 281.4508667 10 9213 1640.153931 354.880188 
7.27594557 0.5475721761 -4.40958123 7 5 2144 603.2955322 937.9700317 6 2688 633.9959717 860.2883301 9 2775 651.8336182 929.6854858 10 6258 773.6877441 994.8934937 11 6418 905.0567017 937.8464966 12 3167 939.5213623 979.3696899 13 3305 1085.244751 932.7998047 
7.27594557 0.5475721761 -4.40958123 7 5 2145 603.2955322 937.9700317 6 2689 633.9959717 860.2883301 9 2776 651.8336182 929.6854858 10 6259 773.6877441 994.8934937 11 6419 905.0567017 937.8464966 12 3168 939.5213623 979.3696899 13 3306 1085.244751 932.7998047 
10.30609746 -0.8121744462 -1.246802435 4 5 6045 1554.777222 375.5800781 6 7538 1489.739258 365.079071 9 7323 1526.380737 373.8712158 10 9258 1545.582642 437.8446655 
8.265230582 0.5588955205 -4.255714447 3 5 3893 953.2279053 931.2880859 6 2697 1008.404053 861.7826538 10 6236 1208.195312 979.7108154 
6.8033063 0.5623994287 -4.486144583 7 5 2174 450.5086365 948.7528076 6 2706 457.7349243 866.6036377 9 2822 459.9797974 943.6915283 10 6274 561.2018433 1010.798462 11 3732 700.6660156 955.7351074 12 3225 752.0238647 998.2336426 14 3653 910.4445801 989.4272461 
8.172219294 0.5732510561 -4.272555757 5 5 2146 918.3852539 938.1257935 6 2707 973.2660522 867.7392578 9 2765 1023.302002 925.7803955 10 3692 1168.482422 988.0662231 11 3645 1268.058716 928.7445068 
7.249946162 0.4450833036 -4.379628847 4 5 2059 596.6932983 898.8515625 6 4788 627.6397705 818.5749512 9 4731 643.1040649 884.7320557 10 6147 763.5473022 945.7034912 
2.058250998 0.1108420138 -0.8989000457 3 5 1424 220.0486298 668.0593262 6 4250 45.79130936 554.2039185 9 4249 37.08447266 626.3841553 
7.053800539 0.0846068777 -4.30198086 3 5 5722 539.3059082 770.8228149 6 7679 564.6472778 680.135376 9 7500 571.9316406 735.2172241 
8.392726159 0.1052152696 -4.088619688 5 5 6214 996.5253296 748.9038086 6 7683 1059.017212 681.3051758 9 7864 1107.356079 717.4319458 10 9876 1246.774048 769.8198242 11 10219 1335.282837 726.4415283 
6.675202013 0.1084086912 -4.352633104 3 5 5729 425.3352051 784.8826294 6 7689 430.3437195 689.9367065 9 7509 426.1506348 750.6530762 
6.677289314 0.1076223423 -4.354563776 6 5 5730 425.3352051 784.8826294 6 7690 430.3437195 689.9367065 9 7510 426.1506348 750.6530762 11 9758 655.0171509 748.164917 14 9421 874.9656372 796.477478 15 8246 1519.549438 663.5181885 
8.214256639 0.4150893355 -4.217022415 5 5 1980 932.7663574 873.2095947 6 4759 990.3522339 804.046814 9 4672 1039.255371 854.7333984 10 6080 1181.951416 913.0369263 11 3368 1279.217285 859.0756226 
6.715201403 0.1399712841 -4.358042403 6 5 6230 436.226593 795.2284546 6 7697 442.9010315 701.0766602 9 7878 440.1541138 762.6408081 11 10224 670.3256226 761.7139893 14 9428 887.2386475 811.9585571 15 8660 1537.1698 677.2321167 
10.0395022 0.614722401 -3.60895335 3 5 3785 1658.782837 876.8768921 6 4820 1639.041992 830.7015991 12 2988 1653.1521 912.1934204 
7.906889011 0.1642904688 -4.17962162 8 5 6224 822.4661255 781.598938 6 7701 877.3999023 705.9658813 9 7511 911.7496338 751.7119141 10 9882 1046.480957 803.5576782 11 9763 1154.37085 756.270813 12 8691 1152.720581 810.0479736 13 8268 1270.7229 773.9949951 14 7584 1220.890503 828.5583496 
7.240353938 0.2002688452 -4.306041984 6 5 6233 597.397522 808.2329712 6 7706 630.203064 723.15802 9 7882 643.4610596 779.7319336 10 9891 761.8428955 831.7593994 11 10229 889.7460327 782.1176147 12 8705 924.7259521 830.30896 
7.239989877 0.2003768569 -4.305399493 5 5 6234 597.397522 808.2329712 6 7709 630.203064 723.15802 9 7884 643.4610596 779.7319336 10 9892 761.8428955 831.7593994 12 8707 924.7259521 830.30896 
7.315386104 0.2036389112 -4.293400989 6 5 6235 622.2945557 808.0722046 6 7710 657.9386597 724.0285645 9 7885 673.3306885 779.7050781 10 9893 794.2172852 831.9381714 11 10231 920.5344238 782.2848511 12 8708 952.0415039 830.508667 
7.315386104 0.2036389112 -4.293400989 6 5 6236 622.2945557 808.0722046 6 7711 657.9386597 724.0285645 9 7886 673.3306885 779.7050781 10 9894 794.2172852 831.9381714 11 10232 920.5344238 782.2848511 12 8709 952.0415039 830.508667 
7.405534789 0.4066687753 -4.343011111 5 5 3800 649.1266479 882.7041626 6 4756 686.1999512 803.0585327 9 4691 706.9452515 865.201355 10 6106 832.1276855 924.2521973 12 5397 986.3441772 914.8858643 
6.745736482 0.2053343779 -4.375706799 3 5 6244 442.5319824 818.5679321 6 7713 451.9811096 726.328064 15 8268 1554.887207 706.9136353 
7.153933395 0.2059185362 -4.320518268 5 5 6240 569.7208862 812.0004883 6 7714 598.5216064 725.7524414 9 7532 609.0827637 783.5488892 10 9897 724.4647217 835.6218262 11 10236 853.8986816 785.7894287 
7.189481853 0.2487899124 -4.330204171 6 5 5772 579.9533691 826.9590454 6 7721 610.0846558 742.272522 9 7544 622.0316772 801.3283081 10 9537 739.2565918 854.9727783 11 9797 868.7824707 804.381958 12 8719 905.9812622 851.263916 
2.373503189 0.3559509929 -0.3075906645 7 5 3440 319.8139343 686.1851807 6 5927 160.6752472 581.3713379 9 5796 156.2697601 650.8822021 10 7486 98.09767914 686.635437 11 5770 49.45067596 635.2258911 15 6488 461.7021179 577.7046509 16 7990 608.104126 523.039856 
7.202906024 0.4595108815 -4.391265459 7 5 2074 581.0325928 905.5900269 6 4804 609.4119873 824.7354126 9 4745 623.9690552 891.7649536 10 7829 742.479126 953.2218018 11 8014 874.3138428 898.4744263 12 5470 911.5568848 941.8060913 14 6023 1037.541138 941.1342773 
