47
14
16 3.55185 1.23056 0.19605
160  3.01968  1.22944 0.134368
673  5.13603  1.25818 0.424978
1050  4.61448  1.48721 0.244075
1333   4.6107   1.3651 0.275561
950  4.07576  1.23953 0.264589
493  5.67031  1.39256 0.470705
517  5.67076  1.39307 0.471709
1370   5.6695   1.2729 0.517098
363   5.89196   1.37469 0.0325318
687 5.84071 1.49529 0.39313
858  5.66973  1.50484 0.422695
1264  5.14407  1.49962 0.339906
1544  5.14819  1.50368 0.353432
5
25  2.58739 0.950295 0.146262
25  2.58739 0.950295 0.146262
2266  2.58757  1.07392 0.113112
37  2.60194  1.31507 0.029747
1942   2.59538   1.19613 0.0713494
121
28   2.25515  0.792571 -0.431746
211  4.22146 0.992651 0.345719
1325   4.0463 0.991426 0.332852
2566   2.49232   1.28885 -0.561274
3260   2.51827  0.796846 -0.405239
61  3.28797 0.983514 0.234794
214 5.32177 1.01608 0.53373
560  5.69743  1.01529 0.569018
935  4.6376 0.99963 0.40555
1196  4.17485    1.642 0.709081
1401  4.16336   1.2358 0.256382
1791  4.68807  1.24999 0.337523
2038   2.45285   1.47485 0.0211271
2345   2.58992   1.33613 -0.400366
3064  4.51156 0.994668 0.380585
76  3.12025 0.982568 0.209526
1619  3.69581   1.2331 0.209115
2004 3.12466 1.10572 0.17425
179  3.20175 0.983154 0.227595
203  4.08588 0.991053 0.338793
1054  4.14578  1.46606 0.135492
1391   4.1995  1.23524 0.247957
2931  2.52462  1.04447 -0.48347
183  2.85454 0.979615  0.17695
1023  5.72127  1.50801 0.426906
57  2.72371 0.980961 0.167158
888  5.53286  1.08629 0.529802
888  5.53286  1.08629 0.529802
1848  5.48977  1.01082 0.534606
2091  2.68263  0.97762 0.157485
2231  2.89726  0.97904 0.182143
2795   3.06839   1.46868 0.0552718
1175  4.75729  1.37206 0.309708
2245  3.15733  1.23336 0.171785
2776   2.63812    1.3693 -0.293971
2922   2.57145   1.16847 -0.509855
3028  3.01828 0.979901 0.197436
402  5.18202  1.25401 0.415671
608  5.19339  1.49702 0.341508
725  5.33132  1.25505 0.438727
916 4.11881 1.23773  0.2622
956  3.79944 0.988409 0.300201
1042    4.657  1.48225 0.236923
1792   4.6943  1.36582 0.286054
220   2.38777  0.793759 -0.418025
1306  4.22435  1.36098 0.235942
504  4.94313  1.07769 0.426529
504  4.94313  1.07769 0.426529
141  4.93522 0.954217 0.457534
936  3.88471  1.06098 0.286308
936  3.88471  1.06098 0.286308
1692  3.41507  1.05567 0.231883
1011  5.49143  1.08496 0.520623
1011  5.49143  1.08496 0.520623
1098  3.92315  1.06114 0.292378
1263 4.47343   1.068 0.35654
1690   3.3762  1.05388 0.224791
1963 2.84752 1.04941 0.15663
1963 2.84752 1.04941 0.15663
1045  3.96406  1.06219 0.299416
1045  3.96406  1.06219 0.299416
2349  2.89191  1.05085 0.166813
2502   3.1063   1.2244 0.128365
2179   2.56434  0.922081 -0.433704
1345  4.55731 0.998432 0.399042
2900   2.52918   1.16776 -0.515879
2920   2.48559   1.16686 -0.521851
3139   2.64274   1.32072 -0.450067
1279 4.71199 1.12519 0.36262
2623   2.07393   0.79242 -0.454754
30  2.72267 0.927382 0.164915
124  4.72487 0.951026 0.425172
159  3.73177  1.18302 0.227083
181  2.67832 0.928764 0.176019
926 5.72203  1.4585 0.43745
2919    2.5096  0.746708 -0.390091
32  3.43878 0.936406  0.27019
34  2.84744 0.929585 0.195187
161  3.18601 0.931774 0.241417
1404  4.22699  1.18658 0.272278
1606  3.48127 0.936799 0.271545
2051  2.55816 0.748347 -0.37983
3132  2.48673 0.993826 -0.47245
125  3.75306 0.939833 0.309966
132 4.75479 1.43372 0.24732
153  3.05927  1.17391 0.136621
1016  5.63369 0.966278  0.57811
1750 3.69528 1.18342 0.22325
2043 3.10075 1.17758 0.14859
2963  3.10338  1.29781 0.109549
47  4.55734 0.946814 0.406649
1239  4.20563  1.30973 0.235773
1262  4.26535  1.18872 0.286501
1414   5.86851   1.26835 -0.135985
3400   2.60863  0.994469 -0.467373
62  2.80184 0.928857 0.188558
121  4.08546  0.94301 0.348716
212  4.64927  1.31595 0.290785
522  5.15368  1.08366 0.469468
35  3.39494 0.936737 0.262995
1265   4.6506  1.19336 0.326702
1328  5.44317 0.986881 0.693371
2270   2.59607  0.876303 -0.391509
1620  4.54656  1.07714 0.364704
1620  4.54656  1.07714 0.364704
985  4.16336   1.3111 0.237359
2736  3.15171  1.31269 0.166241
2822   2.08005    1.1165 -0.550868
460  5.69673 0.967037 0.586052
993  4.69078  1.31456 0.296181
1187  4.75494  1.31933 0.318879
1201  4.11781  1.31096 0.242438
1167  3.67588  1.06029 0.263793
1657 4.09662 1.06669 0.30109
1672  3.55136  1.05384 0.217334
1967    2.6124   1.17131 -0.501485
2787   2.04312    1.1635 -0.574092
2581   2.56692   1.04608 -0.473648
2568   2.11497  0.793269 -0.442199
2707   2.07549  0.865349 -0.476849
3032   2.38813  0.872337 -0.441427
20
29  2.91208 0.173843  0.43009
263  6.36979 -0.85004  1.23626
313  5.95719 -1.09668  1.22096
2147   2.47899   1.53594 -0.051155
1296  5.34534 -1.08692  1.08813
275   6.58098 -0.878845   1.38388
739  5.41582 0.204824 0.764114
2306  6.24982 -1.09325  1.27375
278   5.6094 -1.10468    1.181
575  5.57236 -1.10297  1.17597
777  4.56599 -1.13631  1.09165
1120 5.08273 -1.1185 1.12485
1717  4.06818 -1.13274 0.984053
1878  5.12886 -1.10299  1.08413
2115   3.5021 -1.14122 0.912366
2151 6.30907 -1.1018 1.30581
1026  4.19388  1.29704 0.260029
2298  4.34435 -1.12451  1.00967
2499  2.59268 -1.32854  0.25611
1005 4.19511 1.30059 0.24266
110
33  2.65806 0.956912 0.166281
77   2.6799   1.2029 0.109448
190  3.04383  1.20133 0.132669
420  5.32311   1.1076 0.466737
548   5.3454  1.35546 0.406811
1373  4.64178  1.09424 0.351054
1490   5.87692   1.27639 -0.209299
2228  3.05228  1.07717 0.177991
2881   2.46326   1.14006 -0.530075
3603    2.0672  0.766752 -0.448841
196  5.32372 0.982832 0.491238
324   5.88866   1.15637 -0.146976
578  5.68978  1.36384 0.467726
819  5.90608  1.30731 -0.08701
821    5.89817    1.32088 -0.0468487
821    5.89817    1.32088 -0.0468487
910   5.45982 -0.483735   1.09521
917  4.72939  1.46594 0.269316
917  4.72939  1.46594 0.269316
1022   5.53779 -0.461861   1.02313
1022   5.53779 -0.461861   1.02313
1168  4.63952  1.34815 0.307849
1752  3.63018  1.44951 0.135261
1861  4.81428  1.46578 0.280075
1922    2.6039   1.14476 -0.489421
1922    2.6039   1.14476 -0.489421
2016  2.61256 0.897743  -0.4208
2016  2.61256 0.897743  -0.4208
2033   2.59702  0.897766 -0.419446
2033   2.59702  0.897766 -0.419446
2192   2.60517  0.770779 -0.398346
2366   2.93369 -0.485826   0.64047
2504      2.59    1.0218 -0.449172
2504      2.59    1.0218 -0.449172
2507   2.49618  0.772126 -0.385627
2507   2.49618  0.772126 -0.385627
2747   2.45687   1.26468 -0.552992
2913    2.69314    1.44152 0.00783356
2924  2.0845 1.25977 -0.6022
2992   2.48079   1.01929 -0.480342
2992   2.48079   1.01929 -0.480342
3011   2.09386   1.01626 -0.520221
3011   2.09386   1.01626 -0.520221
3022   2.51214   0.89615 -0.436497
3022   2.51214   0.89615 -0.436497
3177   2.53903   1.14197 -0.506122
3199   3.10604   1.30695 0.0523146
3199   3.10604   1.30695 0.0523146
3205   2.94741  0.937569 0.0881291
3310   2.09309   1.01874 -0.517873
3348   2.45475  0.772514 -0.392777
525  4.79179  1.10554 0.410178
898  4.11068  1.09004 0.286461
1986    2.53042     1.4322 -0.0193489
1991   2.62001   1.14418 -0.493205
2497   2.57989  0.773987 -0.380522
3004  3.21376  1.20253 0.140029
469  5.34809  1.47435 0.369484
996   4.6456  1.46516 0.258529
1305  4.21147  1.33893 0.240464
1305  4.21147  1.33893 0.240464
1360  3.72932  1.20982 0.237264
1702  4.77528  1.46207 0.261786
1702  4.77528  1.46207 0.261786
1821  3.71534  1.44964 0.145912
2090  2.98582  0.95649 0.204441
2090  2.98582  0.95649 0.204441
2765   2.62492   1.01757 -0.487996
467  5.17564  1.47591 0.347226
474  5.69495  1.48058 0.419891
900  5.17593  1.47376 0.341278
656  5.18053  1.34667 0.369456
857  5.84106  1.45162 0.356417
1199  4.28721   1.3373 0.254457
1429  3.63643 0.964756 0.304767
3055     1.76849   -0.692462 -0.00508809
2030  2.67086  1.07877 0.127875
2079   2.46779   1.06977 -0.233843
2132   2.62308   1.02314 -0.446751
2161   2.53437  0.896639 -0.428545
2223   2.52954  0.898718 -0.417439
2911   2.03884 -0.058014 -0.187649
1455  4.71756  1.20955 0.293604
2202   2.57542  0.897801 -0.422179
2202   2.57542  0.897801 -0.422179
1129  4.81271   1.3501 0.334835
867  5.19138   1.1112 0.466564
882   3.9047 0.964327 0.315166
1012  4.18275  1.33887 0.252153
1012  4.18275  1.33887 0.252153
2979  3.05063  0.95378 0.187226
2979  3.05063  0.95378 0.187226
1256  4.12189  1.09142 0.311433
1234  4.82288  1.34771 0.324629
1234  4.82288  1.34771 0.324629
2760   2.09632   1.14021 -0.555782
2252  2.65666  1.07737 0.131165
1971   2.59443   1.17035 -0.397278
1996   2.62317   1.16113 -0.436906
2969   2.10743  0.769169 -0.441291
2969   2.10743  0.769169 -0.441291
2277  2.55363 0.897133 -0.42789
3003   2.03011   1.13984 -0.560301
3007   2.00914   1.14747 -0.529365
3416    2.52915     1.4331 -0.0171191
2146  2.66599  1.07779 0.124428
2323  3.41657   0.9016 0.287656
2792   2.68245   1.31805 0.0408534
3232    1.7716  0.390385 -0.403843
3224   1.68021 -0.680851 -0.053329
6
55  2.71267  1.17753 0.113508
69  3.24792  1.18164 0.173927
562  5.37665  1.50158 0.371716
624 4.84804 1.49658 0.29939
1062  4.31403  1.47804 0.199228
1780   3.25388   1.34497 0.0981159
5
59  2.57477  1.13854 0.113218
2230   2.58531    1.2591 0.0661487
2253   2.58979   1.25793 0.0618194
3333   2.59501   1.25765 0.0566745
3529   2.59121     1.259 0.0622826
5
91   2.16415 -0.808955  0.130662
92   2.25914 -0.807936  0.143435
2520   1.67355 -0.815978 0.0679874
3230    1.18434  -0.821696 0.00757143
2607  1.76826 -0.81441  0.07896
58
113  2.15195 -1.01311 0.205912
114      2.26792    -0.354652 -0.000520126
142   3.30651 -0.158872  0.659545
142   3.30651 -0.158872  0.659545
2041   2.87053 -0.162488  0.597503
2535  1.66027 -1.01905 0.143481
2556    1.68422    -0.3585 -0.0777962
2704   2.77618 -0.162585   0.58347
2983  2.77705 -0.15865 0.561557
3263   1.18631  -1.01966 0.0667057
147   3.40318 -0.156447  0.666123
174   3.40142 -0.157788  0.673322
1686   3.83672 -0.151699  0.719335
2401  3.50948 0.596696 0.216538
3255   1.28529 -0.364388 -0.124709
3306    1.77934  -0.355414 -0.0709547
3661   2.77713 -0.157803  0.560528
186   4.36144 -0.141674  0.769793
405   4.85822 -0.774173   1.06946
475   4.88874 -0.135974   0.86466
498    4.9673 -0.772611   1.08187
602   5.49194 -0.765344   1.15626
475   4.88874 -0.135974   0.86466
663     4.858 -0.769941   1.05404
689   4.96777 -0.766199    1.0605
1073   4.35866 -0.143338  0.783702
1161   4.45206 -0.142213  0.798721
1268   4.42807 -0.779449   1.00679
1395   4.45287 -0.142987  0.806506
1637    4.4556 -0.139106  0.774172
1719   4.45493 -0.140719  0.789427
1805  4.42607 -0.77901  1.00997
1831   4.35979 -0.143486  0.786869
2399   4.42578 -0.779788   1.01339
2440  4.36897  -0.1385 0.745195
3629  2.89335 0.602818 0.345628
3629  2.89335 0.602818 0.345628
455    4.9789 -0.135258  0.876777
607    5.4156 -0.129346  0.931414
615   5.3837 -0.76635  1.14047
1267   5.38599 -0.769951   1.14866
167   3.81673 -0.780883  0.896684
170   3.28699 -0.797295  0.861253
1293   4.3378 -0.78282  1.00796
1651   3.37856 -0.797517  0.875689
1653   3.38198 -0.793709  0.862241
1664   4.33331 -0.782589   1.00384
1670   3.88543 -0.806884    1.0003
2260   3.81338 -0.786331  0.911496
2371   3.90531 -0.782736  0.912571
3151   3.79871 -0.939065    1.5212
3156  3.90521 -0.78405 0.918149
308   6.06397 -0.775234   1.23383
329   6.17361 -0.774048   1.25212
3460  3.81232 -0.77881 0.879105
3641   2.87069 -0.161393  0.589516
3294   1.18896 -0.367028 -0.128419
3321   1.18352 -0.370752 -0.118049
14
128    4.12326 -0.0945441   0.682598
173    3.64451 -0.0782848   0.568298
1159    4.68488 -0.0690554    0.68655
1697    3.06815 -0.0801472   0.553161
1923   3.09935 -0.109385  0.465935
2749    3.64344 -0.0803403   0.589037
3123    4.13967 -0.0515909   0.685798
3153   4.18229 -0.106137  0.701765
3153   4.18229 -0.106137  0.701765
3481   4.15982 -0.079632  0.656998
685      4.7388 -0.00591761    0.736683
1479    3.64862 -0.0474127   0.615762
1585    3.01616 -0.0690673   0.595599
1566    4.22957 -0.0431623   0.691254
15
130  4.15759 0.308383 0.562956
130  4.15759 0.308383 0.562956
532   4.6964 0.384217 0.609668
876  4.13206 0.246675 0.576913
925  4.17976 0.263437 0.581359
932  4.13087 0.246673 0.574245
1118  4.1349 0.37837 0.53457
1343  4.13451 0.378171  0.53349
1735  4.15758 0.332393 0.546303
2133  3.11188 0.300361 0.412443
677   4.6744 0.288433 0.614828
1298  4.69226 0.322905 0.626053
2321  4.71071 0.230927 0.618563
2595  4.76658 0.218271  1.13252
1658  3.13081 0.241521 0.451931
10
169    3.26969 0.00924585   0.592568
1324  4.50236 0.026171 0.751896
178   4.92137 -0.579623   1.01967
600   5.44231 -0.569872   1.06969
911   4.93927 0.0306975  0.816367
984   4.90247 0.0469738  0.644555
679   5.53911 -0.572047   1.08251
945   5.54733 -0.583599   1.12479
1046  5.47265 0.037539 0.902452
1046  5.47265 0.037539 0.902452
5
184  4.70173  0.73256 0.488759
1339  3.62566 0.716493 0.341076
1890  4.17597 0.727328 0.438253
2106  3.12552 0.728762 0.310034
3045  4.17619 0.727728 0.445786
8
195   4.38648 -0.739612   1.01698
1241    4.40536 -0.0965252   0.770185
1570   4.40936 -0.103419  0.817772
719    5.02342 -0.0887403   0.831986
1457    4.49827 -0.0968629   0.783073
1389 5.00971 -0.7266 1.06911
1514   5.56583 -0.094249  0.989729
1868    4.4279 -0.795455   1.26322
30
201    5.1879 0.0617392  0.782829
523  5.17425 -0.29397 0.893068
1301    5.18096 -0.0457513   0.828909
489    5.1659 -0.562175  0.923068
537  5.24009 0.723782 0.653259
1772   5.18237 0.0189901  0.600006
496  5.19618  0.30557 0.696346
605   5.1981 0.430496 0.654113
686   5.18217 -0.170046  0.843282
740  5.20588 0.588242  0.62189
2302    5.18865 -0.0923852    0.85433
728  5.72443 0.378126 0.699205
1149   5.20216 -0.740263   1.08127
534   5.17201 -0.358757  0.904954
746    5.1662 -0.607388  0.971116
529    5.08906 -0.0168306    0.78568
542   5.09274 0.0465987   0.76794
530   4.54239 -0.679487  0.944303
700  5.26012 0.742964 0.546564
706   5.21536 -0.588747  0.968198
1526   4.56662 0.0334304  0.715481
720    5.2269 -0.242978  0.855697
1685  5.22054 -0.44404   0.9239
691    5.08796 -0.0596701   0.785097
1701  5.24731 0.264008 0.703435
742  5.24748 0.351067 0.664309
779  5.25331  0.56025 0.604146
788  5.71716 0.340302 0.714492
628  5.72321 0.398934 0.749288
1133  5.73442 0.433754 0.770741
6
207    4.9741 -0.626789   1.03749
399   4.86195 -0.620063  0.986459
399   4.86195 -0.620063  0.986459
627  5.49859 -0.61824  1.10283
627  5.49859 -0.61824  1.10283
445   5.38846 -0.618997   1.08728
11
213  4.26852  1.27684 0.266799
487   5.7051  1.30336 0.487184
1200 4.79439 1.52854 0.26105
1258  4.27334  1.39942 0.220728
868  5.18132  1.40861 0.354826
868  5.18132  1.40861 0.354826
2871  2.66447  1.13968 0.107234
2769   2.57121   1.20406 -0.531593
2769   2.57121   1.20406 -0.531593
2836     2.67743     1.50445 -0.00478238
3270     2.67733      1.5048 -0.00330651
8
290   6.04869 -0.749399   1.22724
555   4.83283 -0.743849   1.05089
408   4.94462 -0.744825   1.07087
468   5.48939 -0.104539  0.941442
655 6.13976 -0.7393 1.21478
1500    4.4396 -0.143187  0.937334
614  4.86909 -0.11464 0.853407
599    5.3957 -0.105727  0.919037
25
298   6.06293 -0.585346   1.14019
319   6.05405 -0.581624    1.1216
416   4.97134 -0.519911  0.968415
609   5.38906 -0.517877     1.039
647   4.86641 -0.523121  0.970867
1629   5.51499 0.0989745  0.849173
1755   5.51666 0.0984283  0.862644
767   5.05443 -0.515774  0.968983
434   4.86614 -0.521444  0.957263
1231   4.89234 0.0879813  0.770583
584   5.49886 -0.517004   1.05865
619   5.49857 -0.516292   1.05685
734   5.07375 0.0929259  0.772969
1185   4.45856 0.0796856  0.717977
1191   4.36689 0.0753293  0.724391
1197   4.36762 0.0769381  0.713427
1611  5.40575 0.109542 0.674718
1724   5.42425 0.0975572  0.845676
1158    3.3887 -0.553421  0.796498
1165   3.29641 -0.554723  0.785644
2246   2.87725 0.0573591  0.525805
2698   2.78613 0.0573684  0.501979
2938   1.69337 -0.141794 -0.154741
2944   1.69339 -0.142361  -0.15453
2904   1.78579 -0.140664 -0.143302
5
332   6.09575 -0.745855   1.22561
747    5.42853 -0.0983875   0.876239
755   4.99697 -0.108522  0.835503
1883  4.35794 -0.13194 0.851552
776   4.91359 -0.109162  0.854175
6
371   6.01177 -0.761845   1.17551
378   6.01293 -0.762743   1.17964
490   4.79649 -0.756315  0.996812
507  4.79648 -0.76006   1.0092
664   5.32505 -0.752954   1.07794
2869   5.34214 -0.764165   1.12634
26
422   5.03671 -0.433961  0.923016
649   5.36967 -0.433879  0.967921
704  5.41454  -0.4129 0.928717
1261   3.84247 -0.454408   0.76297
1288   3.77771 -0.460224  0.760211
1908  3.71303 0.178103 0.551626
2158   2.70634 -0.467978   0.64138
2780    1.96623 -0.0130676  -0.211028
2085   2.75991 -0.473617  0.634298
901  5.52844 -0.42812 0.994474
1246   3.43609 -0.461856  0.721731
1483   6.04567 -0.497405   1.10826
1933   2.80458 -0.456962  0.633819
2050   2.21889 -0.634764 0.0111521
907    4.9875 -0.438632  0.885904
1049   4.38174 -0.453629  0.844313
1064   4.46584 -0.451801  0.850174
1250   3.81718 -0.466693  0.775082
1810   4.95454 -0.430922  0.847183
2544   1.84322  -0.66947 -0.016246
2934  6.09952 -0.52009  1.14774
3207   2.12626 -0.661907 0.0123221
3642   2.88663 -0.472693  0.646305
3340    1.26658  -0.682553 -0.0645798
3409     1.3088  -0.648705 -0.0956312
3658   1.92674   1.08711 -0.586697
6
441  5.76869  1.38426 0.455127
554  5.23971  1.49931 0.346033
561   5.7645  1.26176 0.493975
573  5.22904  1.25346 0.418456
632 5.22297 1.01185 0.49966
1211 5.23215 1.37632 0.38066
14
452  5.26798  1.41099 0.368235
1707  5.26671   1.4084 0.361864
2573 5.2734  1.413 0.3822
503  5.26335  1.29044 0.407068
865  5.25299  1.04957 0.475681
933  5.25768   1.1676 0.439415
970  5.25815  1.16879 0.442761
1176  5.79683  1.29575 0.475805
1669  5.26273  1.28966 0.403437
1822  5.79752  1.29524 0.478973
636  5.25216  1.04849 0.481477
694  5.78551  1.16732 0.494606
2684  5.79835  1.04914 0.573784
1229  5.79751  1.41766 0.433838
28
456  5.41148 -1.08023  1.17402
524  5.34504 -1.07498   1.1612
1072  5.33497  1.42848 0.380136
3086  3.23372 -1.12088 0.919727
827   5.75907   1.22998 -0.581235
903  3.95476  1.10354 0.636069
920  5.36873  1.28909 0.932704
991  4.11221   1.2891 0.245379
1280 3.89435 1.04425 0.29542
1379  5.75411  1.55506 0.404475
1388  5.70703  1.19207 0.526271
3121   2.55245  0.974596 -0.454817
1137  5.16022  1.06343 0.478498
1156  4.73871  1.05275 0.394759
1446  5.89587 -1.24565  1.57212
1636   5.6877  1.31447 0.464424
1218 5.94448 -1.1291 1.24223
1725  5.16423  1.18222 0.427904
1940 3.76007 1.16044 0.23573
3219  3.11842  1.29193 0.177635
2484   3.22516   1.51925 0.0539586
1290  4.42117  1.00715 0.975341
1645  3.55984  1.15976 0.214264
1286  3.85593   1.0428 0.288842
1314  5.37525 0.944301 0.548918
2895   2.59785  0.727661 -0.371032
2828   2.11895   1.34098 -0.612184
2108    2.55859 -0.0377851  -0.131342
13
472     5.51136 -0.00218569    0.905076
670      5.41463 -0.000504191     0.848643
883   3.9095 -0.64778  0.89454
1513      5.5214 -0.00498544    0.932622
1527     5.42028 -0.00498741    0.895572
1527     5.42028 -0.00498741    0.895572
1160    4.383 0.500374 0.569981
1732  4.38856 0.498645 0.537676
1775    3.37026 -0.0166776   0.493306
3297    2.87011 -0.0405933   0.570896
3297    2.87011 -0.0405933   0.570896
3314     2.7826 -0.0388838   0.548263
3318    2.79492 -0.0298057   0.476784
36
590  5.17936  1.15177 0.442911
878  5.07594  1.03043 0.469254
1094  4.75314   1.5133 0.266289
1247  4.10973  1.25972 0.254311
1330  5.19126  1.40364 0.390902
1342  4.14791  1.37756 0.204537
1610  5.09683  1.03853 0.492926
1641   3.6943  1.49584 0.129349
2677  2.61434   1.1893 -0.51539
2679   2.47642  0.799084 -0.555029
880  5.74912  1.53022 0.423756
1029  3.68208  1.00866 0.278413
1061  4.63979  1.26866 0.316762
1080  5.35815  1.40233 0.403413
1194    5.89569     1.0907 -0.0975416
1226 4.71687 1.39277 0.29966
1248    3.71644    1.19372 -0.0372785
1318  5.33041  1.03719 0.522739
1614  3.61609  1.37265 0.156518
2023  4.40008  1.02283 0.377788
2365  3.11179  1.13141 0.198229
1147  5.21367   1.2756 0.409878
1148  5.35039  1.52112 0.355827
1639    5.192   1.2724 0.395179
1948   2.65138   1.24217 0.0675026
890  5.70461   1.5252 0.403516
1654  3.57655  1.25232 0.187615
3257  3.15724  1.18055 -0.14178
1135  4.20107  1.13827 0.293907
2991   2.07506   1.30887 -0.608824
1113  4.29865  1.38083 0.230023
3445   2.56798    1.0878 -0.393887
1142  4.27452   1.3849 0.232402
1887  4.12061  1.02461 0.399009
3104  2.04642 0.939299 -0.50241
3522  3.63216  1.13177 0.232717
5
654   5.05967 -0.135131  0.878486
1304   4.53182 -0.139578  0.791697
1387   4.51157 -0.768718  0.980296
1397   4.53267 -0.142138  0.811781
2328   4.53262 -0.138014  0.780801
5
712  5.19586  -0.4396 0.889382
750   5.20912 -0.101539  0.795148
940   5.20053 -0.398477    0.9086
745   5.20491 -0.185455  0.817822
762   5.20022 -0.335912   0.86862
10
760  5.50726  1.35797 0.438583
941  4.98381  1.37335 0.381341
1329  4.45915  1.35838 0.292334
1337  3.94802  1.30658 0.148306
1830  3.93834  1.33029 0.199066
3059  4.45933  1.33313 0.545037
3229  2.88643  1.38334 0.043471
3597   2.8497  1.34434 0.101439
1013  4.72893  1.58876 0.213218
1209  3.96691  1.24539 0.235396
21
807  5.88013 0.971138  0.12272
939   5.92008  0.738173 -0.181985
800   6.03539  0.503315 -0.888305
803   6.04477  0.483123 -0.949955
800   6.03539  0.503315 -0.888305
813   5.95909  0.795907 -0.415358
813   5.95909  0.795907 -0.415358
826  5.92267 0.755037 -0.11707
939   5.92008  0.738173 -0.181985
1126   5.90922  0.751146 -0.153842
1744   5.94037  0.709399 -0.256047
1744   5.94037  0.709399 -0.256047
1823   5.98501  0.629141 -0.484648
1823   5.98501  0.629141 -0.484648
807  5.88013 0.971138  0.12272
1205   5.93895  0.694401 -0.316197
802    6.0235  0.528587 -0.808825
802    6.0235  0.528587 -0.808825
1214   5.93814  0.694153 -0.317403
1057    5.89639    1.04325 -0.0866592
1057    5.89639    1.04325 -0.0866592
5
812   5.91698   1.15263 -0.154474
285   5.98146  0.864353 -0.635219
353   5.98442  0.984332 -0.674673
285   5.98146  0.864353 -0.635219
1109   5.91523   1.15351 -0.158957
23
844 5.25425 1.12746 0.43744
846   5.2504  1.00959 0.475517
849  5.21187  1.17926 0.131485
855  5.19806  1.28094 0.103698
864    5.1796   1.28979 0.0658671
895 5.25826 1.24606  0.4035
980  5.26703  1.49056 0.328197
1096  5.25366  1.12462 0.437656
1814  5.24797  1.00251 0.464455
845  5.25412  1.08606 0.451454
869  5.25723  1.32079 0.371119
953  5.78608 0.966105 0.580058
955  5.25948  1.32342 0.376045
1139  5.79223  1.21067 0.501778
1224  5.25022  1.08093 0.444721
1230  5.79718  1.38009 0.451985
944 5.79344 1.25549 0.48489
961  5.79633  1.33528 0.466582
1372  5.79541  1.25597 0.489671
1596  5.24635 0.958561 0.467051
1604  5.24777 0.960485 0.484777
1297 5.80101 1.45649 0.43214
928  5.78789  1.08853 0.535104
7
942  3.84844 0.381506  0.54841
1002  4.37565  0.38932 0.600095
1020  3.84873 0.381408 0.540237
2686  2.79302 0.372583 0.400905
2861   2.19395  0.188109 -0.208632
3226    3.303 -0.27824 0.650305
2186   3.82771 -0.275785  0.738255
9
957    4.0994 -0.657167   0.87176
1078   4.09653 -0.717692  0.891516
1087   3.61838 -0.716326  0.829566
1655   3.61511 -0.715179  0.821197
1987   4.17903 -0.701059  0.999561
1859  3.09583 -0.73024 0.770546
1864   3.09559 -0.730433  0.770977
3426   3.08155 -0.685771  0.684894
3587   3.10993 -0.708477   0.76092
5
1053  3.76136 -0.14956 0.678762
1525   3.75531 -0.156502  0.727318
1607   4.28466 -0.143651  0.761528
1624   4.29007 -0.140346  0.742547
1787   4.29631 -0.133662   0.69963
5
1143   4.38836 -0.545743  0.902882
1382   4.45583 -0.621185   1.27621
1693   4.39187 -0.549074  0.920242
1303   4.30242 -0.540908  0.894255
1712   4.30021 -0.550714  0.907534
11
1679   4.0498 -1.19189  1.02352
1995  3.38785 -1.17821 0.833809
2294 3.45151 -1.2978   1.204
2380  3.98806 -1.18814 0.972858
1788  3.58775 -1.11586   0.7257
2357  2.34307 -1.38978 0.247875
3066   2.7901 -1.31346  1.09233
3424  2.53065 -1.36881 0.232812
2229  4.49367 -1.37055  1.60695
2299   1.5536 -1.75175 0.993478
2456  3.65871 -1.17141 0.870406
8
1932    2.5942   1.17442 0.0816812
1962   2.60011   1.21784 0.0605228
1966   2.60182   1.29324 0.0391321
2217   2.60379   1.33745 0.0231963
2035  2.59244 0.844235 0.174809
2060   2.59982   1.09429 0.0939428
2035  2.59244 0.844235 0.174809
3116   2.5954 0.971388 0.135062
15
1960  2.73769 -1.30883 0.380311
2309  2.71655 -1.34127  0.30884
2313  2.66373 -1.34256 0.453309
2474  2.74518 -1.27174 0.444059
2086  2.78971 -1.37245 0.233304
2066  2.61365 -1.32937  0.27733
2326  2.71138 -1.35669 0.306335
3319  2.68219 -1.36724 0.242791
3518  2.61338 -1.32885  0.27429
2774  2.71515 -1.36095 0.255005
2856  2.76239 -1.37643  0.16197
3114  2.79596 -1.36338  0.21363
3251  2.79759 -1.38954 0.136459
3344  2.70095  -1.3885 0.238572
2778  2.63603  -1.3787 0.144818
7
1977  3.90552 -0.74047 0.926806
1985   3.29301 -0.745509   0.82272
2009   3.37915 -0.749811  0.861514
2359   3.28807 -0.812521    1.0725
2642   3.81462 -0.741347  0.896092
3382   3.81449 -0.748564  0.930027
2381   3.80592 -0.742484  0.940717
5
2056   2.46193 -0.920217  0.145875
2123   2.58577 -0.821731  0.145929
2124   2.48049 -0.823875  0.119743
2303   2.49194 -0.885237  0.139892
2332    2.4922 -0.884934   0.13957
5
2320    2.1641 -0.865488   0.14453
2333   2.15512 -0.872012  0.157673
2641   1.66924 -0.875693 0.0865071
3079   1.66989 -0.874672 0.0852837
3304   1.18004 -0.880836 0.0288232
6
2342   2.23273 -0.825581  -0.01673
2358   2.10705 -0.902387  0.171427
3335   1.13426 -0.912455 0.0386477
3366    1.1315 -0.914213 0.0434078
2648   1.63198 -0.902187 0.0884838
2738   1.62683 -0.904193 0.0944752
6
2486  2.31831  -0.9949 0.185372
2486  2.31831  -0.9949 0.185372
2657   1.85819 -0.343574 -0.107532
2659    1.85016  -0.347327 -0.0953774
2859   1.83777 -0.997113  0.106602
2867  1.82784 -1.00225 0.121496
6
2528   2.49329    1.3998 -0.601486
2654   2.51813   1.42867 -0.625211
2711    2.5173   1.40597 -0.609802
2579   2.56982   1.40549 -0.600116
2554   2.56226   1.40872 -0.633795
2950   2.5408  1.41371 -0.59136
6
2713   1.68802  -0.23194 -0.119143
2715    1.67783  -0.238472 -0.0895347
3282   1.15351 -0.255835  -0.10351
3305    1.1921 -0.241327 -0.170489
3388   1.28384 -0.239853 -0.160015
3415   1.29552 -0.236396 -0.174457
