312
-
  0   3   4   6   1   5 122   2   1   3   6   7   1   3 139   7   4   3   1   2   6  30  93   5   4   4   4   2   5   9   6   5   2   1  12  25   4  10 139   6  14   9  10  14   2  15 139  15   1   0   0   1 139 139 139   2  11   4   5   4  69  31   4  11  25   9  45  58  38  49  18  12  59  40  18  21   5   8  15  43   1   5   3   5 139  65   5   1   3   2   6   7 139  35   2   6   7  17   7   3  14  33  25   5   9  51   7   3  30  22  15   4   3  43   4   3 139  44   0   0   1   2   1   1 139  38   2   2
  1   1   2   1   1   5  88   6   2   1   3   1   1  22  98   2   4   3   1   2   4  19  45   2   3   6   3   1   2   5   5   3   2   2  19  24   7  19 162   6  13   8  13  14   6  45 162  14   1   0   0   2 162 162 161   2   4   6   3   1  40  16   4   9  15  16  41  35  39  60  31   7  43  62  23  17  26  23  28  29   1  14   3   9 162  63   4   1   6   8   2   2  86  13   1   5   3  73  16   6  10  10  13   1   3  39  12  16  45  11   7   1   3  28   9  18 162  27   0   0   1   3   5   3  96   9   4   3
  0   0   0   0   0   6 148   1   0   0   0   0   0   6 148   5   0   0   0   0  23 101 148   2   0   0   1   1  59  74  15   0  26  11  15  14   0   2  63  21   8   1   0   0   0   8 115  12   0   0   0   0 125 119  54   0   0   0   0   0 148 103   1   0  60  22  10   5   0   0   3  39   5  14  11   2   1   1   5   9   0   0   1   3 148  29   2   0   0   0   0   1 148  74   0   0   9  20   8   1  11  16  13   6   0  64  18   1   4   1   0   0   0  21   4   2  73  20   0   0   0   0   0   3 148  49   0   0
-
  0   1   6   5   3  44  97   6   3   4   0   2   1  13 128  34   2   2   0   0   0  28 132  34   0   0   1   0   3  36 109  11   0   6  21  16   6  18  85   7   9  17   4   6   3  24  78  14   9  38   6   4   4  14  63  28   2   7  19  26  23  36  51   6   0   0   0   0   1  51 146  27   0   1   0   0   0  73 146  28   2   3   1   1   1  32 146  61   0   1   2   4   5  68 146  11   2   6  27   5   2  25  50  27   2   6  30   4   2  23  79  18  14  29  39   1   0  16 146  64   1  15  70   2   0  21 146  30
  1  18  33   1   0   1   4   2   3  21  65   1   0   0   5   8   3  21  79   0   0   0   8   6   2  28  34   1   0   0   5   4   0   4  20   4   2  34  58   0   0   5  66   5   0  25  51   2   4  26  61   1   0   1  48  36   9  34  20   1   0   0  34  40   0   0   0   0   0  87 151   0   0   0   0   0   0  78 151  13   0   0   0   0   0   2 151 100   0   0   0   0   0   0 151  78   0   0   0   0   0  67 151   1   0   0   0   0   0  41 151  15   0   0   0   0   0   1 151  60   0   0   0   0   0   1 151  22
  0   5  62  28   3   2   0   0   0  10 106  16   1   0   0   0   0  11 116  31   2   1   0   1   5  81  86   4   0   0   0   3   0   0   7   8   8  48  57   2   0   2  22  12   2  40  62   2   0   1  21  21   7   9 114  20  17  22  10   1   1   1  89  54   0   0   0   0   0 109 116   4   0   0   0   0   0  78 116  26   0   0   0   0   0   2 116  91   0   0   0   0   0   0 116  61   0   0   0   0   0 116  87   4   0   0   0   0   0 110 110  36   0   0   0   0   0   1 116 116   0   0   0   0   0   0 116  89
-
  0   3   4   6   1   5 122   2   1   3   6   7   1   3 139   7   4   3   1   2   6  30  93   5   4   4   4   2   5   9   6   5   2   1  12  25   4  10 139   6  14   9  10  14   2  15 139  15   1   0   0   1 139 139 139   2  11   4   5   4  69  31   4  11  25   9  45  58  38  49  18  12  59  40  18  21   5   8  15  43   1   5   3   5 139  65   5   1   3   2   6   7 139  35   2   6   7  17   7   3  14  33  25   5   9  51   7   3  30  22  15   4   3  43   4   3 139  44   0   0   1   2   1   1 139  38   2   2
  1   1   2   1   1   5  88   6   2   1   3   1   1  22  98   2   4   3   1   2   4  19  45   2   3   6   3   1   2   5   5   3   2   2  19  24   7  19 162   6  13   8  13  14   6  45 162  14   1   0   0   2 162 162 161   2   4   6   3   1  40  16   4   9  15  16  41  35  39  60  31   7  43  62  23  17  26  23  28  29   1  14   3   9 162  63   4   1   6   8   2   2  86  13   1   5   3  73  16   6  10  10  13   1   3  39  12  16  45  11   7   1   3  28   9  18 162  27   0   0   1   3   5   3  96   9   4   3
  0   0   0   0   0   6 148   1   0   0   0   0   0   6 148   5   0   0   0   0  23 101 148   2   0   0   1   1  59  74  15   0  26  11  15  14   0   2  63  21   8   1   0   0   0   8 115  12   0   0   0   0 125 119  54   0   0   0   0   0 148 103   1   0  60  22  10   5   0   0   3  39   5  14  11   2   1   1   5   9   0   0   1   3 148  29   2   0   0   0   0   1 148  74   0   0   9  20   8   1  11  16  13   6   0  64  18   1   4   1   0   0   0  21   4   2  73  20   0   0   0   0   0   3 148  49   0   0
-
  3   0   1   0   2  20  36  44   1   0   0   0   0  21 123  98   2   0   0   0   0  72 123  15  18   0   0   0   0   8 105  67 116  16   4   0   0   2   8  82  71   6   0   0   0   8  76 123   2   1   1   2   2  78 123  15   0   0   0   6  12  38 123  15 123  66   1   0   0   0   3  15 100 123  29   0   0   0   3  20   4  28  76  32   8  13  17   5   0   1  11  63  44  13   6   0  24  43   3   0   0  12  20   6   6 123  82   0   0   3   3   0   0  85 123   8   0   0   0   0   0  33  38  17  17   2   0   0
  4   1   0   0   0  14  56  29   1   0   0   0   1  40 124  60   8   0   0   0   0  85 124  16  45   1   0   0   0   8  84  73  96  45   0   0   0   0  16  49  88  15   1   0   0   8  95 124   5   3   2   3   3  96 124  16   0   0   1   9  10  34 124  28 105  73   0   0   0   2  18  12  95 124  38   0   0   0   2   8   5  53 104  28   5  12   9   2   0   2  17  64  34  10   4   0   7  13   0   0   0  26  52   3   5  92  48   1   1  17  24   0   0 111 123   5   3   5   1   0   0  56  41  12  12   3   0   0
  2   0   0   0   6  40  25  26   1   0   0   0  10  56 121  71  40   4   0   0   1  73 121  36  67   5   0   0   0   1  37  73  87  34  24   2   3  13  16  59  90  16   1   0   0  31  97 121   4   2   3   7   9 117 121  20   2   3   6  11  11  14 102  47 110  71   4   0   0   8  34  17  86 121  58   2   0   2   3  10   3  38 111  53  20  15  11   1   0  10  22  45  41  10   3   0   4  12   0   0   3  42  47  10   4  75  55   3  10  27  40   8   1 115 118   7  15  12   1   1   2  58  35   4  14   8   1   1
 12   0   0   0   0   4  42 117   4   0   0   0   0  45 117 107   0   0   0   0   0 117 117   3   4   0   0   0   0  16 117  52 117  14   0   0   0   0   3  87  61  13   0   0   0  19  41  59   2   2   2   3   4  79 117   2   0   0   0  13  20  32  97   8 117 117   0   0   0   0   0   3  44 117  28   2   0   0   1   2   2  13  71  46   5   6   6   0   0   1  11  76  34   7   2   0  12 115   4   0   1  10   4   2   2 117 100   2   0   0   1   0   0  52 117  17   0   0   0   0   2  35  20  13   7   8   1   0
 55   7   0   0   6  20  16  44   8   1   2   6  34  77  67  19 116  13   2   4   6  31  60  65  38   3   0   1   3   8  18  46 103  62   9   0  21  46  13  14  97  51   8   1   4  52 116 116  28   9   7  18  14  92 116  64  12   1   7  35  36  22  39  30  31  23   3  11  29  40  59  31  93 116  53   2   2  20  37  18   5  90 116  53  30  14  13   2   0   8  23  45  68  21   3   0  31   0   0   7   5  11  46  96   2  11  10   1  16  89 116  30   8  66  46   3  29  80  65  19   7  39  25   4  11  25  25  10
  8   2   0   0   1  12  52  53   2   0   0   0   0  37 123  73  10   0   0   0   0  58 123  35  32   1   0   0   0   3  73  83 123  59   1   0   0   0   8  54 102  19   0   0   0  12  88 111   4   2   1   5  12  66 123  14   0   0   0  10  25  29  81  16 123  85   0   0   0   0  20  15 115 123  33   1   0   1   3   7   5  40  81  44  21  10   8   2   0   2   7  38  52  10   1   0  15  16   1   0   1  23  42  12  11 107  69   2   2  16   5   0   0 116 123   6   3   2   0   0   0  56  33   6  12   6   0   0
 60   2   0   0   4  21  14  48  11   1   0   2  21  81  90  22 118   7   0   1   2  21  81  59  48   3   0   1  14  17  12  41 109  43   0   0  20  47  11  18 118  43   1   1   1  27 118 110  18   5   3  11  12  58 118  61   8   0   0  46  53  16  41  34  42  19   0   8  35  61  48  27 118 118  38   2   0  10  26  25   7  83  79  58  24  14  16   3   0   3   3  65 102  28   4   0  22   1   0  12   8   7  45  79   2  29  14   1   5  81 103  17   5 107  42   5   9  47  30   5   6  43  13   3  15  31  14   3
-
 58   2   0   0   0   0   3 131  34   0   0   0   4   7  18 131   6   9   5   2  43  40  25  26   5  17  14  11  49  13   0   1 131   1   0   0   0   0   0 117  64   0   0   1   4   5  11  94   2   1   1   3  56  85   5   2   5   5   4   5  27  47   4   0 131  92   2   0   0   0   0  19  74  55  18  16   6   4  10  13   0   0  18  89  31  17   2   0   0   0  18 118  37  11   0   0  87 131  11   0   0   0   1   1  33 124  90  30   0   0   0   0   0   0  94 131   0   0   0   0   0   0  58 131   1   0   0   0
 18   5   0   0   1   1  13  73  14   0   0   0   1   3  73 117  19   7   2   7  25  14  50 117   1   1   0  16  90  32  12   8 117  10   0   0   0   0   5 106  83   1   0   0  10  19  17 117   4  10   5   8  45  66  12   9   1   2   3  20  68  63   8   4 117  88  13   0   0   0   3  33 100  91  42  29   4   6   6  21   0   0  54 117  27  24   2   0   0   6  69 117  33   7   0   0  27  71  20   5   6   2   9   4  21 117 117  46   2   0   0   0   1   3 107 117   0   1   1   1   9  15  39  55   1   3   2   3
 83   1   0   0   0   0   0 127  36   9   2   5  44  33   1  47   2  13   4   2 106 125   2   0  21  57  10   2  14  29   4   1 117   2   0   0   0   2  23  91  11   8   2   3   9  19  29  19   1   0   0   3  53 127   6   3  11   9   4   2  38  91   8   3 127  79   4   2   1   5  19  24   3   8  10  40  22  24  29   6   0   0  10 101  50  21   1   1   0   1   7  88  90  26   0   0  94 127  27   4   0   0   0   0   2  30  98 102   6   1   0   0   0   0  76 127   3   0   0   0   0   0  70 127   7   0   0   0
102   1   0   0   0   0   0 134  35   7   3   5  47  34   4  69   3  31   9   3  93  91   2   1  18  51  16   8  28  23   2   3 134   2   0   0   0   1  12  92  11   7   5   4  11  17  29  23   2   1   1   3  39 134  21   6  20  12   4   1  22  69  13   5 134 108   3   0   0   4  12  19   9  16  14  22  13  26  27  10   1   0  11  86  43  27   3   3   0   1  10  83  74  24   0   0 120 134  12   1   0   0   0   0   8  55  93  60   4   1   0   0   0   0  67 134   2   0   0   0   0   0  57 134   8   0   0   0
106   1   0   0   0   0   1 136  33   1   0   0  26  31  25 132  11  34  11   3  44  39   7   6   5  18   9  13  83  30   0   1 136   2   0   0   0   0   1 109  36   2   1   1  21  22  13  36   3   4   1   1  39 128  14   2  10   6   3   7  24  42   7   4 136  97   1   0   0   0   1  13  39  29  11  16   5   9  18  11   0   0   8  58  45  43   5   0   0   0   8  99  50  13   1   0 111 136   8   0   0   0   0   0  26 107  70  38   1   0   0   0   0   0  65 136   3   0   0   0   0   0  35 136   6   0   0   0
 70  10   0   0   0   1   7  87  51   2   0   0   3  10  34 127  12   9   5  11  65  24  10  38   0   0   0   5  74  34   9   7 127  14   0   0   0   0   3  61 127   4   0   1   9  35   8  65   0   3   3   8  41  81   8   3   0   0   1  35  78  53   5   3 127  94  11   0   0   0   1  21 124 127  22  18   4   7   3   8   0   4  21 127  46  22   2   0   0   5  24 127  52   2   0   0  23  74  15   2   7   8   9   4  39 127  75  32   3   1   0   0   0  12  59 127   4   1   0   0   7  14  19  95   6   2   2   2
 67  13   0   0   0   1   7  76  49   1   0   1   2   3  16 129   5   2   1  20  79  18  10  44   1   0   1   7  61  40   6   4 129  12   0   0   0   0   1  62 129   2   0   1   9  30   4  77   0   0   1  15  69  75   2   2   0   0   3  50  74  38   3   3 129  72   5   0   0   0   2  30 129 101  16  20   8  10   2  10   1   2  11 129  73  23   1   0   0   1  12 128  76   3   0   0  31  88  11   1   4   6   4   2  45 129  63  44   1   0   0   0   0   6  40 129   9   1   0   0   4  11  30  73   5   1   1   2
-
 58   2   0   0   0   0   3 131  34   0   0   0   4   7  18 131   6   9   5   2  43  40  25  26   5  17  14  11  49  13   0   1 131   1   0   0   0   0   0 117  64   0   0   1   4   5  11  94   2   1   1   3  56  85   5   2   5   5   4   5  27  47   4   0 131  92   2   0   0   0   0  19  74  55  18  16   6   4  10  13   0   0  18  89  31  17   2   0   0   0  18 118  37  11   0   0  87 131  11   0   0   0   1   1  33 124  90  30   0   0   0   0   0   0  94 131   0   0   0   0   0   0  58 131   1   0   0   0
 18   5   0   0   1   1  13  73  14   0   0   0   1   3  73 117  19   7   2   7  25  14  50 117   1   1   0  16  90  32  12   8 117  10   0   0   0   0   5 106  83   1   0   0  10  19  17 117   4  10   5   8  45  66  12   9   1   2   3  20  68  63   8   4 117  88  13   0   0   0   3  33 100  91  42  29   4   6   6  21   0   0  54 117  27  24   2   0   0   6  69 117  33   7   0   0  27  71  20   5   6   2   9   4  21 117 117  46   2   0   0   0   1   3 107 117   0   1   1   1   9  15  39  55   1   3   2   3
 83   1   0   0   0   0   0 127  36   9   2   5  44  33   1  47   2  13   4   2 106 125   2   0  21  57  10   2  14  29   4   1 117   2   0   0   0   2  23  91  11   8   2   3   9  19  29  19   1   0   0   3  53 127   6   3  11   9   4   2  38  91   8   3 127  79   4   2   1   5  19  24   3   8  10  40  22  24  29   6   0   0  10 101  50  21   1   1   0   1   7  88  90  26   0   0  94 127  27   4   0   0   0   0   2  30  98 102   6   1   0   0   0   0  76 127   3   0   0   0   0   0  70 127   7   0   0   0
102   1   0   0   0   0   0 134  35   7   3   5  47  34   4  69   3  31   9   3  93  91   2   1  18  51  16   8  28  23   2   3 134   2   0   0   0   1  12  92  11   7   5   4  11  17  29  23   2   1   1   3  39 134  21   6  20  12   4   1  22  69  13   5 134 108   3   0   0   4  12  19   9  16  14  22  13  26  27  10   1   0  11  86  43  27   3   3   0   1  10  83  74  24   0   0 120 134  12   1   0   0   0   0   8  55  93  60   4   1   0   0   0   0  67 134   2   0   0   0   0   0  57 134   8   0   0   0
-
  5   7  10  15   4   8  54  22   5   9  17  26   4  22  56   7   3   2  14  30  71  23  61   6  42  12   2   9  43  11  26  45   4  28  70  53   2   1   3   1  25  43  53  42   8   4  27  56  20  10  28  90 104  28  31  41  65  23  18  38  32   7  13  44   4  47 130  25   0   2  36   9  23  88 130  33   2   3  56  25  12  36 130 129  24   4  61  28  22  58  96  67   7  16  36  10   7   9  19  18  15  29 108  22  10  20  36   6   1   3 130  38   4  23  40   1   0   4 130  45   9  20  22   7   3  35 125  22
  4  16  19  18   4   5   5   3   2  10  26  36   7   5  14   4   1  12  31  23  40  13  17   3  16   2   1  16  75   9   7  28  10  52  69  27   1   0   0   1  28  50  55  24   7   3  42  60   3   7  44 100  64  34  65  28  52  34  13  40  46   6   5  31   5  63 144  18   1   1  37   7  16  94 144  21   1   5  53  16   4  23 144 121  10   2  59  14  21  79  71  49   5   7  26  11   6   8  12   7   4  13 114  22   2  14  35   5   1   6 144  35   3  24  43   0   0   3 144  32   6  16  23   6   1  24 133  33
 31  31   8  24  12   7   4   4  13  14  17  55  27   8   5   9  19  22  13  38  33   7   9  21  38   3   1  20  98   9   3  32  28  48  41  37   8   0   0   7  27  35  44  55  12   2  42 111   8   8  35 114  55  30  61  72  80  17  15  50  65   9   2  21  17  56 133  34   8   5  17  10  22  84 133  37   3   7  25  36   5  26 133 133  14   9  38  21  51  46  64  43  15   5  17  18  10   7  17   6   9  21  69  44   4  15  39  10   6  17 133  56   5  23  47   6   1  28 133  51  13  11  28   8   3  16  97  53
 28  34  12  11   8   5   1   2   5   8   9  61  35   8  16  18  13  19   6  20  10  14  37  46  15   4   2  24  44  19   5   7  34  62  64  19   4   1   0  11  35  45  52  22   9   2  38 101   7   8  67 111  36  23  60  76  18  13  19  79  59  20   5   1  17  63 143  21  10   4   3   6  15  85 143  21   3   2   7  14   2  32 143 111  12   9  15   9  17  58  94  47   8   3   5  11   9   4  22   5  12  17  51  46   2   5  41   8   7  12 143  64   4  19  39   5   1  29 143  54  16  22  13   6   3  13 111  68
 31  38  11  14   9   4   1   3   4  13  14  58  35  10  12  13  14  24  10  25  12  12  31  45   8   5   3  22  42  16   5   5  37  69  55  25   9   2   1  13  37  42  44  24  14   3  49  97   8   9  64  94  43  34  64  82   9  12  22  57  51  20   4   4  25  63 144  26  15   4   3  10  21  89 144  22   4   3  10  22   8  54 144 106  17  10  11  10  12  56  65  58  14   5   3   6   8   5  25  10  19  12  60  54   2   8  47  11   8  14 144  79  11  31  46   6   1  40 144  59  17  28  14  12   7  29 100  58
 16  35  14  13  17   7   0   2   5  12   8  46  43   9  14  24  11  20   8  16  14  20  33  42   9   2   1  13  34  25   5   2  38  67  68  26   7   1   1   5  41  47  47  17  12   4  39  92  10   8  63 113  40  32  49  69   5   8  27  65  46  19   4   1  23  62 144  25  12   5   3   5  17  86 144  27   3   2   5  12   3  38 144 113  13   9  14   9  10  69  93  49   8   3   4   8   8   6  30   7  17  22  33  38   3   3  47  10   7  12 138  83   6  17  45   5   1  33 144  58  17  31  16   8   4  17 113  66
 28  29   4  13  17  19  23   5  17  13   6  43  32  19  25   6  19  14   3  13  61  65  13   9  53  13   8   2  32  43  13  31  18  57  43  44  18   1   0   0  31  45  35  40  30   7  29  73  15   6  23  74  72  49  34  49  77  33  22  21  54  16   6  18   9  52 132  47  15   8  16   4  23 107 132  33   2   6  29  31  11  59 132 124  18  12  43  25  14  61  74  61  26  15  24   8  22   9  21  11  67  40  52  32  22  15  36   9   7  13 131  89  15  38  42   9   6  19 132  57   6  18  30  14   5  34 119  20
-
  8   1   0   0  10  72  75  17   1   2   3   3  61 121   6   4  34  12   6   2   8  21  13  83   9   1   0   2   7  18 120  68  28  18  21   8  37  28   4   3   0   0   5   6 123  79  25  20  69   1   1   1   9  19  30 123  41   2   4  78  34  10  24  71  12  50 110  18  10   1   0   0  60  47  27   9  28  15  61  53  22   5   9  46  21  14  81  88   8   1   6 123  69   2   1   7  16  23  14   7   8  28  13   4  63 108  81  18   3   6   5   8   8  21 123 123  16   2   5   3   0   0  33 123  51   0   0   0
 23  61  75  37  27  27  22  11  25  83  84  57  41  42  20  13  49 105 105  70  27  24  15  29  34  64  94  63  42  25  13  14  22  57  51  50  27  36  37  18  33  65  66  59  46  52  39  29  42  55  68  70  32  54  66  44  43  58  62  47  27  31  30  27  44  66  39  68  46  65  60  43  46  51  49  93  42  49  39  32  35  60  59  69  32  36  36  32  29  40  33  28  12  24  19  16  30  30  39  32  23  32  27  28  24  11  17  25  52  35  42  39  34  43   9  16  51  38  44  42  21  24  20  24  21  33  32  24
 32   2   0   0   0  26 111  50   5   2   8  13  30 117  37  15  30  32  21  12  17  31  18  50  10   2   1  10  17  29  97  49  90  36  24   3   3   9   8   9   8  12  24  16 114  81  24  14  54   2   1   6  31  32  49 119  30   2   7 110  55  10  28  59  45  47  52  15  10  11   3   1  71  94  64  13  19  15  29  29  33  25  58  90  31  15  65  61   5   2  17 119  85   1   1   4  54  52   9   3   4  19  17  10  26  38  46  86  22  31  29   4   8  22 119 119   9   0   0   0   5   5  52 105  17   0   0   1
 14  10   0   0   4  61  58  10   1   2   3  10  66 120   8   1  57  29   6   3  17  40  17  65  34   3   0   3   8  10  84  88  41  37  34   8  12  13   1   4   2   3  17  24 120  65  22  12  49   1   0   1  26  23  53 120  62   5   6  71  29   2   8  74   9  44 110  22  13  10   0   0  87  84  58  14  20  10  34  47  28  16  21  34  32  19  93  88   6   2   9 120  92   4   4   7  15   9   2   3  10  47  30   7  65  77  32  23   9  18  27  13  14  36 120 120  12   1   1   2   0   0  62 120  46   0   0   0
 21   2   0   0   0  23 107  63   0   1   5  12  53 120  26  13  30  25  21  10  21  31  10  43  11   2   2   3  14  28  96  59  73  61  12   2   2  13   9   9   3   9  13  20 111 111  14   4  45   1   0   1  32  48  44 120  40   1   2  77  38  11  29  93  36  63  72  12   5   3   0   0  65  64  71  23  23   7  17  35  31  15  13  41  27  13  74 107   7   2   4 120  98   2   2  11  37  26   4   4   5  16  24   8  58  52  28  28   9  14  30  15  19  34 120 120  11   2   1   4   1   0  51 120  45   0   0   0
 55   3   0   0   0  10  60  61   4   1   5   9  35 111  39  17  18   3  13   9  14  35  30  78   3   0   0   1  28 104  66  30 115  86  10   1   1   4   4   9  15  26  23   9  59  84  21  12  24   1   0  16  24  39  50 115   7   3   8 115  77  24  10  27  84  85  17   0   0   1   2   6  65 101  42   4   4   3  13  18  29  23  49 102  67   8  31  32   1   4  13 115 115   1   0   1  59  96  15   4   0   1   4  11  25  39  33  71  15   4  15  17   4  15 115 115  12   0   0   0   1   5  32  92  27   0   0   1
-
  1   1   3  11  25 118  53   3   1   0   0   1   5  77 118  20   8  20   9   6  10  88 108  15  35  50   3   0   0  10  23  16  27  11  10  30  10  11  31  84  29   0   1   0   7  44 118 118   0   0   0   0  43 118 118   7  17   2   0   0   8 118  64  22  96  13   9   2   1   3  25 102  14  29  72  13  19   5  11  63   0   3  25  58 113  34   2   1   2   5  32  24  17  37  38   8  17  16  44  10  16   7   5  34   1  24  94  22  45  26   0   0   0   7 118  86  29   3   0   0   0   4  83 100  15   1   0   0
  0   7  13  13  24 116  61   1   1   1   1   1   3 116 116   9  15  25   5   0   4  77  95  28  24  58   3   0   0   5  40  26  34  34  18  13   5  14  22  55  15   2   2   2   4  53 116 116   2   1   0   1  30 116 116  10  22   6   1   0   5  87  63  29  63  17   7   2   6  18  31  66  15  46  93  14  15   7  14  46   0   9  60  74  60  44   5   2   0   5  60  31   9  34  46  10   4  26  99  19   9   5  10  12   0  43  88  21  50  25   1   0   0   7 116  79  41   6   1   1   0   8 116 102  11   6   7   2
 10   5  16  30  13  51  15   8  20   3   2   1   4  66 122  52   0   1   3   3  10 122 122   8  18  16   3   1   6  73  69  19  48   9  10  16   6   5  78 122  52   5   2   1   5  13  75 122   2   0   0   1  80 122  57  12   1   1   0   2  41 122  38   2  89  28  23   2   4   3  24  69   5  63 119  10  10   5  15  29   0  23  58  42 111  18   1   1   0   3  17  43  64  22   9   0   7  17  50  10  16  15   6  23   0  35  76  14  44  57   0   0   0  33 122  41  27  16   0   0   0   4  76  67  29   0   0   0
 25   5  12  20  10  38  28  31  15   0   0   0   3  68 127  63   1   0   0   0  12 127 127   3  11   7   0   0  16  95  70  13  43   4   4   8   2   2  78 127  44   0   0   0  10  28  43 127   0   0   0   0  93 127  27   5   0   1   0   0  60 127  23   0  34  35  34   3   1   0  31  66   6  41  70   6  11   6   8  26   0   7  17  27 127  35   0   1   0   2   6  29  93  44   9   0   6  11  30  12  31  23   6   9   0  63 118  16  19  22   0   0   0  36 111  56  35   2   0   0   0   2  20  58  65   1   0   0
  3   4  11  19  27  73  15   7   6   0   0   1   2  89 128  45   1   5   4   1   7 128 128   5  21  40   2   0   3  65  36   6  35  13  14  14   1   1  16 120  39   2   1   1   3  20  67 128   1   0   0   0  64 128  72  13   4   1   0   0  42 128  40   5  93   9   4   1   1   3   8 106  23  41  70   9   6   2   4  48   0   9  51  67  90  29   1   2   0   0  11  59  61  54  17   1  20   8  44  11   7   1   1  43   1  14  70  25  43   6   0   1   0   4  99  97  32   2   0   0   0   0  48 116  11   0   0   0
  4  35  22  12  26  56   7   5   4   0   1   2   6 127 113  33   3  13   5   1   7 127 104   6  41  58   2   0   1  38  18   8  65  37  10   3   1  10  11  99  24   4   2   2   3  29  64 127   0   0   1   2  59 127  66  14  11   2   0   0  18 127  69  26  82   7   2   2   6  17   9  97  38  35  78  14  11   4   4  49   0   5  73  76  78  41   2   2   0   1  32  65  36  42  25   5  40  35  53   7   3   1   0  27   2  19  84  23  47   7   0   4   0   2  71  99  48   4   0   0   0   0  47 127  23   0   0   0
  1  39  21   6  28 123  26   1   1   0   1   1   5 123 112   9  23  34   0   0   0  94  68  20  35  78   0   0   0   5  19  18  39  75  16   3   4  24  11  44  27   3   1   1   4  71 101 123   3   2   0   0  34 123 103  11  30  13   0   0   5  79  54  38  54  10   2   0   2  35  29  69  60  38  48  10   8   7   5  74   1   3  47  61  74  93  10   3   0   0  29  35  22  50  52  11  27  67  32   4   1   1   3  16   4  18  88  32  24   0   0   6   0   2  77 123  29   0   0   0   0   3  89 123   6   1   1   0
 15 101  16   0  12  39   4   4   8   9   3   0   8 125  75  14  17   8   0   0   3 125  72  15  44  54   0   0   1  13  12  16  43  25   0   0   1  36  49  58  59  10   1   0   3  42  57 125   1   1   1   1  49 125  52  10  18   8   0   0  10  87  53  29  52  69  10   0   1   7  20  24  63  41  39  16   3   5   3  34   1   6  50 109  55  56   4   1   0   1  49  83  21  38  23   3  67 125  28   1   1   0   1   9   9  44 122  46   1   0   0   2   0   2  50 125  14   2   0   0   0  11 103 125  14   9   3   0
-
  0   3 131   2   0   1   2   0   0   4 131  13   1   0   1   0   1  17 131   8   0   0   0   0   2  13  99   2   0   0   5   2   0   3 131  32  26  18  27   0   0  12 131   1   0   0  50   2  28  68 131   0   0   0  35  13  91  66  72   0   0   0  43  39   0   1  66  15  16  18  49   1   0   4  83   1   0   1  95   3  24  30  64   0   0   0  67  27  77  74  79   0   0   0  42  46   0   1  65   0   0   2  91   1   0   4  80   0   0   2 110   7  19  20  59   0   0   0  89  25  93  50  37   0   0   0  39  43
  0  13 133   2   1   1   2   0   0  15 133   8   1   0   1   0   0  26 133   7   0   0   0   0   1  20 100   3   0   0   1   1   0   6 133  48  41  26  17   0   0  28 133   3   0   4  46   0  30  94 133   0   0   0  27  13  92  73  69   0   0   0  30  40   0   4  68  18  21  25  27   0   0   8  69   2   0   8  87   2  39  38  44   0   0   0  59  30  92  90  52   0   0   0  30  43   0   4  59   0   0   4  86   1   0   7  71   0   0   2 105   4  39  28  46   0   0   0  70  23 102  52  23   0   0   0  33  47
  0   7 142   0   0   0   0   0   0   9 142   1   0   0   0   0   0  27 142   0   0   0   0   0  13  65 142   0   0   0   0   2   0   3 142   2   0   4  26   0   0  12 142   0   0   0  30   4   1  33 142   0   0   0  27   6  71 125  70   0   0   0   8  17   0   0  20   2   1  12 132   0   0   3  24   0   0   2 142   9   1   8  25   0   0   0 142  18  68  37   9   0   0   0  49  64   0   1  57   2   0   0  15   0   0   3  64   1   0   0  21   0   0   9  61   0   0   0  18   3  13  39  23   0   0   0   5  18
